Handle,SKU,Name,Category,Description,Sold by weight,Option 1 name,Option 1 value,Option 2 name,Option 2 value,Option 3 name,Option 3 value,Cost,Barcode,SKU of included item,Quantity of included item,Track stock,Use production,Supplier,Purchase cost,Available for sale [JERGUN CRAFT],Price [JERGUN CRAFT],In stock [JERGUN CRAFT],Low stock [JERGUN CRAFT],Optimal stock [JERGUN CRAFT]
1906-black-coupage-7.2%,10213,1906 Black Coupage 7.2% 330 ml,เบียร์คราฟท์,,N,,,,,,,135.26,8412598005862,,,Y,,บริษัท เมอรี่ ริช ด๊อก จำกัด,135.26,Y,180.00,7.000,3.000,6.000
1906-red-vintage-8%,10216,1906 Red Vintage 8% 330 ml,เบียร์คราฟท์,,N,,,,,,,148.30,8412598005879,,,Y,,บริษัท เมอรี่ ริช ด๊อก จำกัด,148.30,Y,195.00,5.000,3.000,6.000
1906-reserva-especial,10214,1906 Reserva Especial 330 ml,เบียร์คราฟท์,,N,,,,,,,108.30,8412598004964,,,Y,,บริษัท เมอรี่ ริช ด๊อก จำกัด,108.30,Y,140.00,5.000,3.000,6.000
42-below-vodka-pure-70cl,10281,42 Below Vodka Pure 70CL,เหล้านำเข้า,,N,,,,,,,746.20,9421012620207,,,Y,,บริษัท อินดิเพนเด้นท์ ไวน์ แอนด์ สปิริต (ประเทศไทย) จำกัด,746.20,Y,799.00,13.000,1.000,2.000
a495-five-friends-dry-red-750-ml,10542,A495 FIVE FRIENDS DRY RED 750 ML,ไวน์,,N,,,,,,,259.19,9334463001290,,,Y,,บริษัท ทัช คอมเมอร์เชียล โฮลดิ้ง จำกัด,259.19,Y,299.00,9.000,3.000,6.000
aik-cheong-cappuccino-306g-กาแฟ,10209,AIK CHEONG CAPPUCCINO 306g กาแฟ,กาแฟ,,N,,,,,,,101.65,9556771000295,,,Y,,บริษัท พิริยพูล อินเตอร์เนชั่นแนล จำกัด,101.65,Y,139.00,0.000,6.000,24.000
aik-cheong-matcha-latte-300g-ชาเขียว,10204,AIK CHEONG MATCHA LATTE 300g ชาเขียว,กาแฟ,,N,,,,,,,123.05,9556771004200,,,Y,,บริษัท พิริยพูล อินเตอร์เนชั่นแนล จำกัด,123.05,Y,159.00,1.000,6.000,24.000
aik-cheong-teh-tarik-3in1-456g-ชานม,10203,AIK CHEONG TEH TARIK 3IN1 456g ชานม,กาแฟ,,N,,,,,,,112.35,9556771000554,,,Y,,บริษัท พิริยพูล อินเตอร์เนชั่นแนล จำกัด,112.35,Y,149.00,0.000,6.000,24.000
aik-cheong-white-coffee-3in1-456g-กาแฟ,10226,AIK CHEONG WHITE COFFEE 3IN1 456g กาแฟ,กาแฟ,,N,,,,,,,101.65,9556771000318,,,Y,,บริษัท พิริยพูล อินเตอร์เนชั่นแนล จำกัด,101.65,Y,139.00,0.000,6.000,24.000
akaya-nisa-rice-wine,10687,Akaya Nisa Rice Wine 350 ml,สุราชุมชน,,N,,,,,,,199.00,JC10687,,,Y,,บริษัท กรุ๊ปบี จำกัด,199.00,Y,269.00,6.000,1.000,3.000
akaya-sasi-rice-wine,10684,Akaya Sasi Rice Wine 350 ml,สุราชุมชน,,N,,,,,,,199.00,8858793000603,,,Y,,บริษัท กรุ๊ปบี จำกัด,199.00,Y,269.00,6.000,1.000,3.000
akaya-tiwa-rice-wine,10561,Akaya Tiwa Rice Wine 350 ml,สุราชุมชน,,N,,,,,,,199.00,8859793000597,,,Y,,บริษัท กรุ๊ปบี จำกัด,199.00,Y,269.00,5.000,1.000,3.000
akaya-usa-rice-wine,10671,Akaya Usa Rice Wine 350 ml,สุราชุมชน,,N,,,,,,,199.00,8859793000610,,,Y,,บริษัท กรุ๊ปบี จำกัด,199.00,Y,269.00,6.000,1.000,3.000
ancnoc-highland-single-malt-scothch-whisky-12years-40%-70cl.,10512,anCnoc Highland Single Malt Scothch Whisky 12Years 40% 70cl.,เหล้านำเข้า,,N,,,,,,,2124.00,5010509427067,,,Y,,"Horeca Management Co., Ltd",2124.00,Y,2590.00,1.000,,
angosuna-tarndoo-70cl,10988,Angostura Tamboo 70cl,เหล้านำเข้า,,N,,,,,,,1177.00,0075496333536,,,Y,,บริษัท อินดิเพนเด้นท์ ไวน์ แอนด์ สปิริต (ประเทศไทย) จำกัด,1177.00,Y,1290.00,3.000,2.000,3.000
anong-40%-750-ml,10485,Anong 40% 750 ml,สุราชุมชน,,N,,,,,,,812.50,JC10485,,,Y,,นาคินทร์ เบฟเวอเรจ (สำนักงานใหญ่),762.50,Y,999.00,14.000,6.000,12.000
asbach-original-3-year-700ml.,10859,Asbach Original 3 year 700ML.,เหล้านำเข้า,,N,,,,,,,1091.40,4016500033116,,,Y,,บริษัท ไวน์ แอนด์ สปิริท ดิสทริบิวชั่น จำกัด,1091.40,Y,1399.00,3.000,1.000,3.000
babycham-200-ml,10926,babycham 200 ml,เบียร์คราฟท์,,N,,,,,,,83.46,JC10926,,,Y,,บริษัท เมอรี่ ริช ด๊อก จำกัด,83.46,Y,99.00,8.000,4.000,12.000
babycham-4-x-200-ml,10927,Babycham 4 x 200 ml,เบียร์คราฟท์,,N,,,,,,,,5010134001328,10926,4.000,N,N,,,Y,399.00,,,
back-to-black-whiskey-700ml.,10857,Back to Black Whiskey 700ML.,เหล้านำเข้า,,N,,,,,,,582.08,5414145034311,,,Y,,บริษัท ไวน์ แอนด์ สปิริท ดิสทริบิวชั่น จำกัด,582.08,Y,799.00,3.000,3.000,6.000
balblair-12yeare-46%-70cl,10523,Balblair 12Yeare 46% 70cl,เหล้านำเข้า,,N,,,,,,,3026.00,5010509881548,,,Y,,"Horeca Management Co., Ltd.",3026.00,Y,3690.00,2.000,,
balblair-15y-specialpack-th-uk170x46%,10551,Balblair 15Y SpecialPack TH-UK170X46%,เหล้านำเข้า,,N,,,,,,,4510.00,5010509881555,,,Y,,"Horeca Management Co., Ltd.",4510.00,Y,5500.00,1.000,,
balblair-15yeare-46%-70cl,10549,Balblair 15Yeare 46% 70cl,เหล้านำเข้า,,N,,,,,,,3846.00,5010509881555,,,Y,,"Horeca Management Co., Ltd",3846.00,Y,4690.00,1.000,,
balblair-18yeare-46%-70cl,10569,Balblair 18Yeare 46% 70cl,เหล้านำเข้า,,N,,,,,,,7953.99,5010509881852,,,Y,,"Horeca Management Co., Ltd",7953.99,Y,9700.00,1.000,,
baron,10989,Baron Brandy,เหล้านำเข้า,,N,,,,,,,492.20,8938511273359,,,Y,,บริษัท อินดิเพนเด้นท์ ไวน์ แอนด์ สปิริต (ประเทศไทย) จำกัด,0.00,Y,590.00,2.000,6.000,
baron-vincent-rouge-750ml,10538,Baron Vincent Rouge 750ml,ไวน์,,N,,,,,,,320.00,3700904303340,,,Y,,บริษัท ทัช คอมเมอร์เชียล โฮลดิ้ง จำกัด,320.00,Y,399.00,15.000,3.000,6.000
barton-california-deluxe-brandy-1000-ml,10440,Barton California Deluxe Brandy 1000 ml,เหล้านำเข้า,,N,,,,,,,502.90,8066058103,,,Y,,บริษัท แอมโบรส ไวน์ จำกัด,502.90,Y,599.00,4.000,6.000,12.000
bavaria-premiuim,10129,BAVARIA PREMIUIM 660 ml,เบียร์คราฟท์,,N,,,,,,,156.29,JC10129,,,Y,,บริษัท เมอรี่ ริช ด๊อก จำกัด,156.29,Y,200.00,13.000,3.000,9.000
beach-boys-golden-ale-330-ml,10413,Beach Boys Golden Ale 330 ml,เบียร์คราฟท์,,N,,,,,,,93.22,8859695700014,,,Y,,บริษัท เมอรี่ ริช ด๊อก จำกัด,93.22,Y,126.00,8.000,3.000,9.000
beerlao-dark-bottle-330ml,10189,BEERLAO DARK BOTTLE 330ml,เบียร์คราฟท์,,N,,,,,,,59.00,8859313500088,,,Y,,บริษัท โดโด้ ลิเคอร์ สโตร์ จำกัด,59.00,Y,70.00,71.000,24.000,72.000
beerlao-gold,10154,BEERLAO GOLD 330 ml.,เบียร์คราฟท์,,N,,,,,,,77.20,8859313500118,,,Y,,บริษัท โดโด้ ลิเคอร์ สโตร์ จำกัด,77.20,Y,95.00,76.000,36.000,60.000
beerlao-green-bottle-330ml.,10762,BEERLAO GREEN BOTTLE 330ML.,เบียร์คราฟท์,,N,,,,,,,61.82,8859313505885,,,Y,,บริษัท โดโด้ ลิเคอร์ สโตร์ จำกัด,61.82,Y,89.00,137.000,36.000,72.000
beerlao-green-can-500ml.,10763,BEERLAO GREEN CAN 500ML.,เบียร์คราฟท์,,N,,,,,,,76.54,8859313505854,,,Y,,บริษัท โดโด้ ลิเคอร์ สโตร์ จำกัด,76.54,Y,109.00,99.000,36.000,72.000
beerlao-ipa-330-ml,10242,BEERLAO IPA 330 ml,เบียร์คราฟท์,,N,,,,,,,59.36,8859313504208,,,Y,,บริษัท โดโด้ ลิเคอร์ สโตร์ จำกัด,59.36,Y,70.00,45.000,24.000,72.000
beerlao-lager-bottle-330ml,10190,BEERLAO LAGER BOTTLE 330ml,เบียร์คราฟท์,,N,,,,,,,51.00,8859313500033,,,Y,,บริษัท โดโด้ ลิเคอร์ สโตร์ จำกัด,51.00,Y,60.00,13.000,24.000,72.000
beerlao-lager-can-500ml.,10764,BEERLAO LAGER CAN 500ML.,เบียร์คราฟท์,,N,,,,,,,63.29,8859313500064,,,Y,,บริษัท โดโด้ ลิเคอร์ สโตร์ จำกัด,63.29,Y,89.00,109.000,36.000,72.000
beerlao-white-bottle-330ml,10191,BEERLAO WHITE BOTTLE 330ml,เบียร์คราฟท์,,N,,,,,,,59.00,8859313502242,,,Y,,บริษัท โดโด้ ลิเคอร์ สโตร์ จำกัด,59.00,Y,70.00,62.000,24.000,72.000
belching-beaver-viva-la-beaver-7.5%-355ml.,10809,Belching Beaver viva La Beaver 7.5% 355ml.,เบียร์คราฟท์,,N,,,,,,,119.00,810960024745,,,Y,,"BEERVANA (THAILAND) CO., LTD.",119.00,Y,160.00,3.000,3.000,6.000
belle-goelette-rouge-750ml,10537,Belle Goelette Rouge 750ml,ไวน์,,N,,,,,,,320.00,3700904307645,,,Y,,บริษัท ทัช คอมเมอร์เชียล โฮลดิ้ง จำกัด,320.00,Y,369.00,11.000,6.000,12.000
best-buddy-bangkaew-lychee-ipa-330-ml,10406,Best Buddy Bangkaew Lychee IPA 330 ml,เบียร์คราฟท์,,N,,,,,,,118.77,8859695700175,,,Y,,บริษัท เมอรี่ ริช ด๊อก จำกัด,118.77,Y,129.00,5.000,9.000,9.000
best-buddy-black-kitty-cream-ale-5%--330ml.,10652,Best Buddy Black Kitty Cream Ale 5%  330ml.,เบียร์คราฟท์,,N,,,,,,,118.19,8859695700526,,,Y,,บริษัท เมอรี่ ริช ด๊อก จำกัด,118.19,Y,129.00,8.000,3.000,6.000
best-buddy-corgi-orange-witbier-330-ml,10407,Best Buddy Corgi Orange Witbier 330 ml,เบียร์คราฟท์,,N,,,,,,,116.50,8859695700168,,,Y,,บริษัท เมอรี่ ริช ด๊อก จำกัด,,Y,129.00,4.000,3.000,9.000
best-buddy-french-bulldog-white-ipa-5%--330ml.,10656,Best Buddy French Bulldog White IPA 5%  330ml.,เบียร์คราฟท์,,N,,,,,,,118.77,8859695700557,,,Y,,บริษัท เมอรี่ ริช ด๊อก จำกัด,118.77,Y,129.00,7.000,3.000,6.000
best-buddy-golden-retriever-peach-golden-ale-5%--330ml.,10655,Best Buddy Golden Retriever Peach Golden Ale 5%  330ml.,เบียร์คราฟท์,,N,,,,,,,114.75,8859695700540,,,Y,,บริษัท เมอรี่ ริช ด๊อก จำกัด,114.75,Y,129.00,0.000,3.000,6.000
best-buddy-orange-tabby-orange-pilsner-5%--330ml.,10653,Best Buddy Orange Tabby Orange Pilsner 5%  330ml.,เบียร์คราฟท์,,N,,,,,,,105.00,8859695700533,,,Y,,บริษัท เมอรี่ ริช ด๊อก จำกัด,105.00,Y,129.00,0.000,6.000,6.000
best-buddy-pomeranian-strawberry-rosee-330-ml,10408,Best Buddy Pomeranian Strawberry Rosee 330 ml,เบียร์คราฟท์,,N,,,,,,,118.77,8859695700151,,,Y,,บริษัท เมอรี่ ริช ด๊อก จำกัด,118.77,Y,129.00,5.000,9.000,9.000
best-buddy-siberianhusky-vanillablueberry-stout-330-ml,10409,Best Buddy SiberianHusky VanillaBlueberry Stout 330 ml,เบียร์คราฟท์,,N,,,,,,,112.42,8859695700144,,,Y,,บริษัท เมอรี่ ริช ด๊อก จำกัด,112.42,Y,129.00,6.000,9.000,9.000
big-nose-cabernet-merlot-roselle-750ml,10722,BIG NOSE Cabernet Merlot Roselle 750ML,ไวน์,,N,,,,,,,310.30,8859515900501,,,Y,,บริษัท ซีซีเอ็ม แบรนด์ จำกัด,310.30,Y,399.00,13.000,3.000,6.000
big-nose-cabernet-sauignon-roselle,10720,BIG NOSE Cabernet Sauignon Roselle 750ML,ไวน์,,N,,,,,,,310.54,8859515900518,,,Y,,บริษัท ซีซีเอ็ม แบรนด์ จำกัด,310.54,Y,399.00,17.000,3.000,6.000
big-nose-shiraz-cabernet-roselle-750ml,10721,BIG NOSE Shiraz Cabernet Roselle 750ML,ไวน์,,N,,,,,,,313.44,8859515900495,,,Y,,บริษัท ซีซีเอ็ม แบรนด์ จำกัด,313.44,Y,399.00,11.000,3.000,6.000
big-nose-shiraz-roselle-750ml,10723,BIG NOSE Shiraz Roselle 750ML,ไวน์,,N,,,,,,,312.10,8859515900488,,,Y,,บริษัท ซีซีเอ็ม แบรนด์ จำกัด,312.10,Y,399.00,10.000,3.000,6.000
black-bottle-brandy-700-ml,10426,Black Bottle Brandy 700 ml,เหล้านำเข้า,,N,,,,,,,588.50,9332364000855,,,Y,,บริษัท แอมโบรส ไวน์ จำกัด,588.50,Y,699.00,7.000,6.000,12.000
ฺblanche-de-namur-set-with-glass(set),10502,Blanche De Namur set with glass(SET) 330*3 ml,เบียร์คราฟท์,,N,,,,,,,682.35,5411633333017,,,Y,,บริษัท กัปตันบาร์เรล จำกัด,682.35,Y,899.00,2.000,3.000,3.000
blend-285-700ml.,10804,Blend 285 Signature 700ml.,สุรา,,N,,,,,,,303.00,8855155000748,,,Y,,บริษัท แคชแวน แมนเนจเม้นท์ จำกัด,303.00,Y,325.00,22.000,12.000,30.000
block-60-dry-red-750ml,10540,BLOCK 60 DRY RED 750ml,ไวน์,,N,,,,,,,260.07,9334463001337,,,Y,,บริษัท ทัช คอมเมอร์เชียล โฮลดิ้ง จำกัด,260.07,Y,299.00,11.000,3.000,6.000
bouchon-select-cab.-sauv.20/750ml-ca,10835,Bouchon Select Cab. Sauv.20/750ml,ไวน์,,N,,,,,,,790.00,083051170175,,,Y,,บริษัท อินเตอร์ เบฟเวอเรจ กรุ๊ป จำกัด,790.00,Y,999.00,1.000,4.000,
bouchon-sup.-chardonnay-21/750ml-c,10833,Bouchon Sup. Chardonnay 21/750ml,ไวน์,,N,,,,,,,790.00,083051170182,,,Y,,บริษัท อินเตอร์ เบฟเวอเรจ กรุ๊ป จำกัด,790.00,Y,999.00,7.000,4.000,8.000
bouchon-sup.-merlot'20-750ml.,10839,Bouchon Sup. Merlot'20 750ml.,ไวน์,,N,,,,,,,790.00,083051170199,,,Y,,บริษัท อินเตอร์ เบฟเวอเรจ กรุ๊ป จำกัด,790.00,Y,999.00,3.000,4.000,8.000
box-set-call-me-papa,11003,Box Set CALL ME PAPA,เบียร์คราฟท์,,N,,,,,,,862.00,JC11003,,,Y,,บริษัท คอลมีปาป๊า จำกัด,862.00,Y,999.00,0.000,1.000,
box-set-สังเวียน-:-l,10605,Box Set สังเวียน : L,สุราชุมชน,,N,,,,,,,1330.00,JC10605,,,Y,,บริษัท กรกนกอินเตอร์ฟูดส์ จำกัด,1330.00,Y,1590.00,5.000,3.000,6.000
box-set-สังเวียน-:-m,10606,Box Set สังเวียน : M,สุราชุมชน,,N,,,,,,,1005.83,JC10606,,,Y,,บริษัท กรกนกอินเตอร์ฟูดส์ จำกัด,1005.83,Y,1290.00,5.000,1.000,2.000
box-set-สังเวียน-:-s,10607,Box Set สังเวียน : S,สุราชุมชน,,N,,,,,,,740.00,JC10607,,,Y,,บริษัท กรกนกอินเตอร์ฟูดส์ จำกัด,740.00,Y,990.00,5.000,1.000,2.000
bp-carabao-dunkel-320ml-แพ็ค-12,10696,BP Carabao Dunkel 320ml แพ็ค 12,เบียร์คราฟท์,,N,,,,,,,,,11039,12.000,N,N,,,Y,405.00,,,
bp-carabao-lager-320ml-แพ็ค-12,10706,BP Carabao Lager 320ml แพ็ค 12,เบียร์คราฟท์,,N,,,,,,,,,11038,12.000,N,N,,,Y,405.00,,,
bp-pattaya-beach-beer-320-ml-แพ็ค-12,10664,BP Pattaya beach Beer 320 ml แพ็ค 12,เบียร์คราฟท์,,N,,,,,,,,,11036,12.000,N,N,,,Y,482.00,,,
bp-pattaya-beach-beer-490-ml-แพ็ค-12,10622,BP Pattaya beach Beer 490 ml แพ็ค 12,เบียร์คราฟท์,,N,,,,,,,,,10016,12.000,N,N,,,Y,649.00,,,
bp-ข้าวหอมตะวันแดง-mix-น้ำเขียวในตำนาน-490ml-แพ็ค-12,10708,BP ข้าวหอมตะวันแดง Mix น้ำเขียวในตำนาน 490ml แพ็ค 12,เบียร์คราฟท์,,N,,,,,,,,,11040,12.000,N,N,,,Y,716.00,,,
bp-dunkel-beer-490ml.-แพ็ค-12,10600,BP คาราบาว Dunkel beer 490ml. แพ็ค 12,เบียร์คราฟท์,,N,,,,,,,,,10674,12.000,N,N,,,Y,552.00,,,
bp-คาราบาว-dunkel-beer-620-ml.-แพ็ค-12,10601,BP คาราบาว Dunkel beer 620 ml. แพ็ค 12,เบียร์คราฟท์,,N,,,,,,,,,10724,12.000,N,N,,,Y,656.00,,,
bp-คาราบาว-lager-beer-490-ml-แพ็ค-12,10598,BP คาราบาว Lager beer 490 ml แพ็ค 12,เบียร์คราฟท์,,N,,,,,,,,,10595,12.000,N,N,,,Y,552.00,,,
bp-คาราบาว-lager-beer-620-ml-แพ็ค-12,10599,BP คาราบาว Lager beer 620 ml แพ็ค 12,เบียร์คราฟท์,,N,,,,,,,,,10330,12.000,N,N,,,Y,656.00,,,
bp-ตะวันแดง-ipa-320ml-แพ็ค-12,10694,BP ตะวันแดง IPA 320ml แพ็ค 12,เบียร์คราฟท์,,N,,,,,,,,,11037,12.000,N,N,,,Y,482.00,,,
bp-ตะวันแดง-ipa-490ml-แพ็ค-12,10635,BP ตะวันแดง IPA 490ml แพ็ค 12,เบียร์คราฟท์,,N,,,,,,,,,10774,12.000,N,N,,,Y,649.00,,,
bp-ตะวันแดง-rose-490ml.-แพ็ค-12,10636,BP ตะวันแดง Rose 490ml. แพ็ค 12,เบียร์คราฟท์,,N,,,,,,,,,10675,12.000,N,N,,,Y,649.00,,,
bp-ตะวันแดง-weizen-490-ml-แพ็ค-12,10657,BP ตะวันแดง Weizen 490 ml แพ็ค 12,เบียร์คราฟท์,,N,,,,,,,,,10597,12.000,N,N,,,Y,649.00,,,
brew-lander-inception,10272,Brew lander Inception 340 ml,เบียร์คราฟท์,,N,,,,,,,132.00,619185282011,,,Y,,บริษัท เบียร์ทีค จำกัด,132.00,Y,180.00,5.000,9.000,9.000
brewlander-joy,10306,Brewlander Joy 330 ml,เบียร์คราฟท์,,N,,,,,,,100.79,757347661660,,,Y,,บริษัท เบียร์ทีค จำกัด,100.79,Y,170.00,0.000,3.000,9.000
brewlander-love-wild,10305,Brewlander Love Wild 330 ml,เบียร์คราฟท์,,N,,,,,,,132.00,757347661684,,,Y,,บริษัท เบียร์ทีค จำกัด,132.00,Y,180.00,2.000,3.000,9.000
brother-raspberry&blackberry-500-ml,10925,Brother Raspberry&Blackberry 500 ml,เบียร์คราฟท์,,N,,,,,,,158.36,5027342006335,,,Y,,บริษัท เมอรี่ ริช ด๊อก จำกัด,158.36,Y,190.00,8.000,6.000,6.000
brothers--cloudy-lemon-500ml,10510,Brothers  Cloudy Lemon 500ml,เบียร์คราฟท์,,N,,,,,,,145.00,5027342001293,,,Y,,บริษัท เมอรี่ ริช ด๊อก จำกัด,145.00,Y,190.00,1.000,3.000,6.000
brothers-orange-&-lemon-4%--500ml.,10871,Brothers Orange & Lemon 4%  500ml.,เบียร์คราฟท์,,N,,,,,,,158.55,5027342006359,,,Y,,บริษัท เมอรี่ ริช ด๊อก จำกัด,158.55,Y,190.00,9.000,3.000,6.000
brothers-pear-&-apple-4%-500ml.,10872,Brothers Pear & Apple 4% 500ml.,เบียร์คราฟท์,,N,,,,,,,158.36,5027342006397,,,Y,,บริษัท เมอรี่ ริช ด๊อก จำกัด,,Y,190.00,9.000,3.000,6.000
brothers-raspberry-&-lime-4%-500ml.,10873,Brothers Raspberry & Lime 4% 500ml.,เบียร์คราฟท์,,N,,,,,,,158.36,5027342006373,,,Y,,บริษัท เมอรี่ ริช ด๊อก จำกัด,158.36,Y,190.00,5.000,6.000,6.000
brothers-toffee-apple,10770,Brothers Toffee Apple 500 ml,เบียร์คราฟท์,,N,,,,,,,158.36,5027342001316,,,Y,,บริษัท เมอรี่ ริช ด๊อก จำกัด,158.36,Y,190.00,4.000,6.000,6.000
bushman's-guily-dry-red-bin-357-ขวด-1.5-lt,10783,Bushman's Guily Dry Red Bin 357 ขวด 1.5 Ltr,ไวน์,,N,,,,,,,496.32,9313748032938,,,Y,,บริษัท ทัช คอมเมอร์เชียล โฮลดิ้ง จำกัด,496.32,Y,549.00,1.000,3.000,6.000
"bushran's-guity-criap-dry-white-bin-789,-ขว-1.5-ltr,",10784,Bushman's Guity Criap Dry White Bin 789 1.5 Ltr,ไวน์,,N,,,,,,,480.00,9313748032945,,,Y,,บริษัท ทัช คอมเมอร์เชียล โฮลดิ้ง จำกัด,480.00,Y,549.00,2.000,3.000,6.000
"c129-santa-rita-3tres-medallas-sauvignon-blanc-2022,75cl",10544,C129 SANTA RITA 3TRES MEDALLAS SAUVIGNON BLANC 2022 75 ml,ไวน์,,N,,,,,,,352.90,7804330006724,,,Y,,บริษัท ทัช คอมเมอร์เชียล โฮลดิ้ง จำกัด,352.90,Y,399.00,11.000,3.000,6.000
"c16-santa-rita-tres-medallas-roes-2022,75cl",10543,C16 SANTA RITA TRES MEDALLAS ROES 2022 750 ml,ไวน์,,N,,,,,,,347.22,7804330007653,,,Y,,บริษัท ทัช คอมเมอร์เชียล โฮลดิ้ง จำกัด,347.22,Y,399.00,13.000,3.000,6.000
call-me-mama-witbier-5%,10848,CALL ME MAMA-witbier 5% 490 ml,เบียร์คราฟท์,,N,,,,,,,136.66,8855796036038,,,Y,,บริษัท คอลมีปาป๊า จำกัด,136.66,Y,189.00,9.000,6.000,12.000
call-me-papa-double-hazy-ipa,10673,CALL ME PAPA Double Hazy IPA 490 ml,เบียร์คราฟท์,,N,,,,,,,188.95,8855796036779,,,Y,,บริษัท คอลมีปาป๊า จำกัด,188.95,Y,249.00,11.000,3.000,6.000
call-me-papa-hazy-milkshake-ipa,10086,Call me papa Hazy Milkshake IPA 490 ml,เบียร์คราฟท์,,N,,,,,,,170.00,8855796036021,,,Y,,บริษัท คอลมีปาป๊า จำกัด,170.00,Y,229.00,10.000,3.000,9.000
call-me-papa-moderm-lager-5%-490ml,10149,Call Me Papa Moderm Lager 5% 490ml,เบียร์คราฟท์,,N,,,,,,,120.00,8855796040882,,,Y,,บริษัท คอลมีปาป๊า จำกัด,120.00,Y,169.00,7.000,6.000,
caorunn-tom-yum-700-ml-41.8%,10513,CAORUNN TOM YUM 700 ml 41.8%,เหล้านำเข้า,,N,,,,,,,1968.00,5010509884334,,,Y,,"Horeca Management Co., Ltd.",1968.00,Y,2400.00,1.000,3.000,3.000
carabao-dunkel-320ml,11039,Carabao Dunkel 320ml,เบียร์,,N,,,,,,,33.75,8859753900141,,,Y,,บริษัท โดโด้ ลิเคอร์ สโตร์ จำกัด,33.75,Y,40.00,116.000,60.000,120.000
carabao-lager-320ml,11038,Carabao Lager 320ml,เบียร์,,N,,,,,,,33.75,8859753900134,,,Y,,บริษัท โดโด้ ลิเคอร์ สโตร์ จำกัด,33.75,Y,40.00,115.000,60.000,120.000
"casdie-creck-crisp-dry-white-bin-548,-1.5-ltr",10780,Casdie Creck Crisp Dry White BIN 548 1.5 LTR,ไวน์,,N,,,,,,,480.00,9311880015574,,,Y,,บริษัท ทัช คอมเมอร์เชียล โฮลดิ้ง จำกัด,480.00,Y,549.00,6.000,3.000,6.000
"caste-creek-dry-red-bin-569-1.5-ltr,",10779,Caste Creek Dry Red Bin 569 1.5 LTR,ไวน์,,N,,,,,,,480.00,9311880015598,,,Y,,บริษัท ทัช คอมเมอร์เชียล โฮลดิ้ง จำกัด,480.00,Y,549.00,6.000,3.000,6.000
"charles-strong-reserve-classic-bin991-red,75-cl.",10691,Charles Strong Reserve Classic BIN991 Red 750 ml.,ไวน์,,N,,,,,,,350.00,9334463001443,,,Y,,บริษัท ทัช คอมเมอร์เชียล โฮลดิ้ง จำกัด,350.00,Y,399.00,14.000,3.000,6.000
chateau-haut-lamothe-aoc-bordeaux-2023-75-cl,10941,Chateau Haut Lamothe AOC Bordeaux 2023 75 cl,ไวน์,,N,,,,,,,373.84,3500610061387,,,Y,,บริษัท ทัช คอมเมอร์เชียล โฮลดิ้ง จำกัด,400.01,Y,469.00,20.000,6.000,12.000
chateau-haut-miramb-aoc-bordeaux-2022-75-cl,10942,Chateau Haut Miramb AOC Bordeaux 2022 75 cl,ไวน์,,N,,,,,,,400.01,3423290192588,,,Y,,บริษัท ทัช คอมเมอร์เชียล โฮลดิ้ง จำกัด,400.01,Y,469.00,18.000,6.000,12.000
chiang-mai-beer-blossom-weizen,10080,Chiang Mai Beer Blossom Weizen 330 ml,เบียร์คราฟท์,,N,,,,,,,116.33,8854371007524,,,Y,,บริษัท กรุ๊ปบี จำกัด,116.33,Y,180.00,5.000,9.000,9.000
chiang-mai-beer-pink-river-pilsner,10110,Chiang Mai Beer Pink River Pilsner 330 ml,เบียร์คราฟท์,,N,,,,,,,116.33,8854371007708,,,Y,,บริษัท กรุ๊ปบี จำกัด,116.33,Y,180.00,5.000,9.000,9.000
chiang-mai-red-truck,10083,Chiang Mai Beer Red Truck 330 ml,เบียร์คราฟท์,,N,,,,,,,116.33,8854371007517,,,Y,,บริษัท กรุ๊ปบี จำกัด,116.33,Y,180.00,6.000,9.000,9.000
chiang-mai-summer-sky-orange-ipa,10150,Chiang Mai Summer Sky Orange IPA 490 ml,เบียร์คราฟท์,,N,,,,,,,159.00,8855796039695,,,Y,,บริษัท กรุ๊ปบี จำกัด,159.00,Y,215.00,4.000,6.000,6.000
chiang-mai-winter-night,10266,Chiang Mai Winter Wonder Cacao Stout 490 ml,เบียร์คราฟท์,,N,,,,,,,138.55,8855796036328,,,Y,,บริษัท กรุ๊ปบี จำกัด,138.55,Y,190.00,1.000,3.000,9.000
chob-beer-double-ipa,10796,Chob Beer Double IPA 330 ml,เบียร์คราฟท์,,N,,,,,,,179.00,8857124708075,,,Y,,บริษัท กรุ๊ปบี จำกัด,179.00,Y,230.00,2.000,3.000,6.000
chob-beer-hazy-ipa,10072,Chob Beer Hazy IPA 330 ml,เบียร์คราฟท์,,N,,,,,,,159.00,8857124708143,,,Y,,บริษัท กรุ๊ปบี จำกัด,159.00,Y,240.00,3.000,3.000,9.000
chokdee-meechai-ipa-330ml,10113,Chokdee Meechai IPA 330ml,เบียร์คราฟท์,,N,,,,,,,88.39,8859695700748,,,Y,,บริษัท เมอรี่ ริช ด๊อก จำกัด,88.39,Y,109.00,4.000,6.000,6.000
chokdee-meechai-pilsner-330ml,10115,Chokdee Meechai Pilsner 330ml,เบียร์คราฟท์,,N,,,,,,,88.39,8859695700731,,,Y,,บริษัท เมอรี่ ริช ด๊อก จำกัด,88.39,Y,109.00,4.000,6.000,6.000
chokdee-meechai-witbier-330ml,10120,Chokdee Meechai Witbier 330ml,เบียร์คราฟท์,,N,,,,,,,88.39,8859695700755,,,Y,,บริษัท เมอรี่ ริช ด๊อก จำกัด,88.39,Y,109.00,6.000,6.000,6.000
choya-extra-years-70-cl-(with-box),10589,Choya Extra Years 70 CL (with box),เหล้านำเข้า,,N,,,,,,,1230.50,4905846114811,,,Y,,บริษัท อินดิเพนเด้นท์ ไวน์ แอนด์ สปิริต (ประเทศไทย) จำกัด,1230.50,Y,1299.00,3.000,3.000,3.000
choya-kishu-umeshu-72clx12tls,10746,Choya Kishu Umeshu 72clx12tls,เหล้านำเข้า,,N,,,,,,,520.00,4905846111261,,,Y,,บริษัท อินดิเพนเด้นท์ ไวน์ แอนด์ สปิริต (ประเทศไทย) จำกัด,520.00,Y,599.00,2.000,2.000,2.000
choya-kokuto-72-cl,10591,Choya Kokuto 72 CL,เหล้านำเข้า,,N,,,,,,,909.50,4905846117713,,,Y,,บริษัท อินดิเพนเด้นท์ ไวน์ แอนด์ สปิริต (ประเทศไทย) จำกัด,909.50,Y,1090.00,2.000,3.000,3.000
choya-natural-honey-65cl,10617,Choya Natural Honey 65cl,เหล้านำเข้า,,N,,,,,,,802.50,4905846118321,,,Y,,บริษัท อินดิเพนเด้นท์ ไวน์ แอนด์ สปิริต (ประเทศไทย) จำกัด,802.50,Y,950.00,3.000,3.000,3.000
choya-natural-shiso-65-cl,10535,Choya Natural Shiso 65 CL,เหล้านำเข้า,,N,,,,,,,802.50,4905846118314,,,Y,,บริษัท อินดิเพนเด้นท์ ไวน์ แอนด์ สปิริต (ประเทศไทย) จำกัด,802.50,Y,950.00,4.000,3.000,3.000
choya-uji-green-tea-umeshu-72-cl,10582,Choya Uji Green-Tea Umeshu 72 CL,เหล้านำเข้า,,N,,,,,,,684.80,49058461194,,,Y,,บริษัท อินดิเพนเด้นท์ ไวน์ แอนด์ สปิริต (ประเทศไทย) จำกัด,684.80,Y,850.00,3.000,3.000,3.000
choya-yuzu-75-cl,10541,Choya Yuzu 75 CL,เหล้านำเข้า,,N,,,,,,,749.00,4905846118123,,,Y,,บริษัท อินดิเพนเด้นท์ ไวน์ แอนด์ สปิริต (ประเทศไทย) จำกัด,749.00,Y,890.00,2.000,3.000,3.000
dao-coffee-2in1-latte-360g,10820,Dao Coffee 2in1 Latte 360g,กาแฟ,,N,,,,,,,146.00,8859448900548,,,Y,,บริษัท ดาวเรืองอิมพอร์ตเอ็กซ์พอร์ต(ไทยแลนด์) จำกัด,150.52,Y,189.00,44.000,24.000,60.000
dao-coffee-3-in-1-original-stick-400g,10304,Dao Coffee 3 in 1 Original stick 400g,กาแฟ,,N,,,,,,,108.75,,,,Y,,บริษัท ดาวเรืองอิมพอร์ตเอ็กซ์พอร์ต(ไทยแลนด์) จำกัด,108.75,Y,169.00,48.000,10.000,
dao-coffee-3-in-1-original-stick-500x24,10813,Dao Coffee 3 in 1 Original Stick 500g,กาแฟ,,N,,,,,,,112.50,8859448902245,,,Y,,บริษัท ดาวเรืองอิมพอร์ตเอ็กซ์พอร์ต(ไทยแลนด์) จำกัด,124.10,Y,189.00,20.000,24.000,60.000
dao-coffee-3-in-1-premium-600g,10815,Dao Coffee 3 in 1 Premium 600g,กาแฟ,,N,,,,,,,166.42,8859448900531,,,Y,,บริษัท ดาวเรืองอิมพอร์ตเอ็กซ์พอร์ต(ไทยแลนด์) จำกัด,161.75,Y,209.00,0.000,24.000,60.000
dao-coffee-3-in-1-turbo-stick-500g-1,10750,Dao Coffee 3 in 1 Turbo Stick 400g,กาแฟ,,N,,,,,,,108.75,8859448902474,,,Y,,บริษัท ดาวเรืองอิมพอร์ตเอ็กซ์พอร์ต(ไทยแลนด์) จำกัด,114.29,Y,169.00,55.000,36.000,72.000
dao-coffee-3in1-espresso-stick-400-g,10961,Dao Coffee 3in1 Espresso Stick 400 g,กาแฟ,,N,,,,,,,108.75,8859448902467,,,Y,,บริษัท ดาวเรืองอิมพอร์ตเอ็กซ์พอร์ต(ไทยแลนด์) จำกัด,118.90,Y,169.00,63.000,12.000,48.000
dao-gold-instant-coffee-jar-x12,10817,Dao Gold Instant Coffee Jar 100g,กาแฟ,,N,,,,,,,197.80,8859448901095,,,Y,,บริษัท ดาวเรืองอิมพอร์ตเอ็กซ์พอร์ต(ไทยแลนด์) จำกัด,195.45,Y,320.00,23.000,6.000,12.000
dao-gold-instant-coffee-jar-x24,10816,Dao Gold Instant Coffee Jar 30g,กาแฟ,,N,,,,,,,106.29,8859448901057,,,Y,,บริษัท ดาวเรืองอิมพอร์ตเอ็กซ์พอร์ต(ไทยแลนด์) จำกัด,105.90,Y,130.00,31.000,12.000,24.000
dao-platinum-instant-coffee-jar-x12,10819,Dao Platinum Instant Coffee Jar 100 g,กาแฟ,,N,,,,,,,262.87,8859448901217,,,Y,,บริษัท ดาวเรืองอิมพอร์ตเอ็กซ์พอร์ต(ไทยแลนด์) จำกัด,262.87,Y,430.00,14.000,6.000,12.000
dao-platinum-instant-coffee-jar-x24,10818,Dao Platinum Instant Coffee Jar 60 g,กาแฟ,,N,,,,,,,162.47,8859448901071,,,Y,,บริษัท ดาวเรืองอิมพอร์ตเอ็กซ์พอร์ต(ไทยแลนด์) จำกัด,162.47,Y,250.00,26.000,12.000,24.000
dao-roasted-beans-coffee-arabica-premium-200g,10823,Dao Roasted Beans Coffee Arabica Premium 200g,กาแฟ,,N,,,,,,,129.93,8859448900814,,,Y,,บริษัท ดาวเรืองอิมพอร์ตเอ็กซ์พอร์ต(ไทยแลนด์) จำกัด,130.49,Y,169.00,53.000,20.000,40.000
dao-roasted-beans-coffee-strong-blend-200g,10821,Dao Roasted Beans Coffee Strong Blend 200g,กาแฟ,,N,,,,,,,122.53,8859448900791,,,Y,,บริษัท ดาวเรืองอิมพอร์ตเอ็กซ์พอร์ต(ไทยแลนด์) จำกัด,122.53,Y,159.00,87.000,20.000,40.000
dao-roasted-beans-coffee-strong-blend-500g,10044,Dao Roasted Beans Coffee Strong Blend 500g,กาแฟ,,N,,,,,,,296.94,8859448900685,,,Y,,บริษัท ดาวเรืองอิมพอร์ตเอ็กซ์พอร์ต(ไทยแลนด์) จำกัด,296.65,Y,389.00,45.000,25.000,50.000
dao-roasted-beans-coffee-tipica-200g,10822,Dao Roasted Beans Coffee Tipica 200g,กาแฟ,,N,,,,,,,204.76,8859448900777,,,Y,,บริษัท ดาวเรืองอิมพอร์ตเอ็กซ์พอร์ต(ไทยแลนด์) จำกัด,204.95,Y,259.00,92.000,10.000,20.000
de-bortoli-limone-spritz,10747,De Bortoli Limone Spritz,เหล้านำเข้า,,N,,,,,,,255.00,9300752052175,,,Y,,บริษัท อินดิเพนเด้นท์ ไวน์ แอนด์ สปิริต (ประเทศไทย) จำกัด,255.00,Y,339.00,6.000,6.000,6.000
de-bortoli-sangria-spritz,10748,De Bortoli Sangria Spritz,เหล้านำเข้า,,N,,,,,,,305.00,9300752052717,,,Y,,บริษัท อินดิเพนเด้นท์ ไวน์ แอนด์ สปิริต (ประเทศไทย) จำกัด,305.00,Y,399.00,6.000,6.000,6.000
de-ploy-brewing-channimit-cider,10088,De Ploy Brewing Channimit Cider 330 ml,เบียร์คราฟท์,,N,,,,,,,139.00,JC10088,,,Y,,บริษัท กรุ๊ปบี จำกัด,139.00,Y,210.00,2.000,3.000,9.000
devanom-citrusy-mead-can-330-ml.,10221,Devanom Citrusy Mead Can 330 ml.,เบียร์คราฟท์,,N,,,,,,,161.25,619011922418,,,Y,,บริษัท นนทบุรี บิววิง จำกัด,161.25,Y,219.00,2.000,3.000,6.000
devanom-mrs.lychee,10076,Devanom Mrs.Lychee 330 ml,เบียร์คราฟท์,,N,,,,,,,155.00,612520553159,,,Y,,บริษัท นนทบุรี บิววิง จำกัด,155.00,Y,219.00,6.000,9.000,9.000
devanom-red-roselle-bottle-330ml.,10243,Devanom Red Roselle Bottle 330ml.,เบียร์คราฟท์,,N,,,,,,,161.25,612520553173,,,Y,,บริษัท นนทบุรี บิววิง จำกัด,161.25,Y,219.00,6.000,6.000,6.000
devanom-sour-mocha,10075,Devanom Sour Mocha 330 ml,เบียร์คราฟท์,,N,,,,,,,155.00,612520553135,,,Y,,บริษัท นนทบุรี บิววิง จำกัด,155.00,Y,219.00,4.000,9.000,9.000
dewar's-12-years-70cl,10257,Dewar's 12 Years 70CL,เหล้านำเข้า,,N,,,,,,,1357.49,5000277002450,,,Y,,บริษัท อินดิเพนเด้นท์ ไวน์ แอนด์ สปิริต (ประเทศไทย) จำกัด,1357.49,Y,1499.00,2.000,2.000,2.000
diplomatico-mantuano-70-cl.,10983,Diplomatico Mantuano 70 cl.,เหล้านำเข้า,,N,,,,,,,1510.00,7594003626624,,,Y,,บริษัท เคี้ยงเทรดดิ้ง จำกัด,1510.00,Y,1649.00,3.000,3.000,3.000
disaronno-liqueur-alc-28%-70-cl,10493,Disaronno Liqueur Alc 28% 70 CL,เหล้านำเข้า,,N,,,,,,,920.00,8001110016303,,,Y,,บริษัท อินดิเพนเด้นท์ ไวน์ แอนด์ สปิริต (ประเทศไทย) จำกัด,984.40,Y,1150.00,1.000,1.000,1.000
dog-soul-ข้าวจ้าว-750-ml,10211,Dog Soul ข้าวจ้าว 750 ml,สุราชุมชน,,N,,,,,,,508.33,8856980478030,,,Y,,หจก.ร่มไทร ดิสทิลเลอรี,508.33,Y,690.00,11.000,6.000,12.000
dog-soul-อ้อย-750-ml,10146,Dog Soul อ้อย 750 ml,สุราชุมชน,,N,,,,,,,508.33,8856980478016,,,Y,,หจก.ร่มไทร ดิสทิลเลอรี,508.33,Y,690.00,11.000,6.000,12.000
el-jamerdor-blanco-750-ml.,10984,El Jamerdor Blanco 750 ml.,เหล้านำเข้า,,N,,,,,,,1230.00,744607068208,,,Y,,บริษัท เคี้ยงเทรดดิ้ง จำกัด,1230.00,Y,1349.00,3.000,3.000,3.000
electric-wine-opener-gift-set,10966,Electric wine opener gift set  (ที่เปิดไวน์),ของที่ระลึก,,N,,,,,,,175.00,3149130,,,Y,,,175.00,Y,269.00,4.000,6.000,6.000
engkanto-green-lava--24*330ml.bottle,10554,Engkanto Green Lava bottle 330ml.,เบียร์คราฟท์,,N,,,,,,,155.77,4806534610113,,,Y,,บริษัท เมอรี่ ริช ด๊อก จำกัด,155.77,Y,205.00,7.000,3.000,6.000
engkanto-hop-coolture-pale-ale-24*330ml.,10556,Engkanto Hop Coolture Pale Ale 330ml.,เบียร์คราฟท์,,N,,,,,,,130.00,4806534610212,,,Y,,บริษัท เมอรี่ ริช ด๊อก จำกัด,130.00,Y,179.00,9.000,3.000,6.000
engkanto-live-it-up-24*330ml.bottle,10552,Engkanto Live it Up bottle 330ml.,เบียร์คราฟท์,,N,,,,,,,110.00,4806534610106,,,Y,,บริษัท เมอรี่ ริช ด๊อก จำกัด,110.00,Y,149.00,8.000,6.000,6.000
engkanto-mango-nation--24*330ml.bottle,10553,Engkanto Mango Nation bottle 330ml.,เบียร์คราฟท์,,N,,,,,,,145.52,4806534610137,,,Y,,บริษัท เมอรี่ ริช ด๊อก จำกัด,145.52,Y,179.00,6.000,6.000,6.000
engkanto-true-brew-west-coast-ipa-6.5%--330ml,10651,Engkanto True Brew West Coast IPA 6.5%  330ml,เบียร์คราฟท์,,N,,,,,,,150.00,4806534610359,,,Y,,บริษัท เมอรี่ ริช ด๊อก จำกัด,150.00,Y,200.00,1.000,3.000,6.000
engkanto-ube-lager--24*330ml.bottle,10555,Engkanto Ube lager bottle 330ml.,เบียร์คราฟท์,,N,,,,,,,130.00,4806534610182,,,Y,,บริษัท เมอรี่ ริช ด๊อก จำกัด,130.00,Y,179.00,8.000,3.000,6.000
erawan-rum-40%-750ml.,10683,ERAWAN RUM 40% 750ml.,สุราชุมชน,,N,,,,,,,825.44,8859515900594,,,Y,,บริษัท ซีซีเอ็ม แบรนด์ จำกัด,825.44,Y,999.00,4.000,6.000,6.000
erdinger-gift-box-set,10937,Erdinger Gift Box Set,เบียร์คราฟท์,,N,,,,,,,519.00,JC10937,,,Y,,บริษัท โดโด้ ลิเคอร์ สโตร์ จำกัด,519.00,Y,699.00,5.000,5.000,10.000
estrella-galicia,10273,Estrella Galicia 330 ml,เบียร์คราฟท์,,N,,,,,,,103.00,8412598005831,,,Y,,บริษัท เมอรี่ ริช ด๊อก จำกัด,0.00,Y,140.00,4.000,9.000,9.000
evan-williams-bourbon-(black)-with-box,10447,Evan Williams Bourbon (Black) 75 CL with box,เหล้านำเข้า,,N,,,,,,,920.20,,,,Y,,บริษัท อินดิเพนเด้นท์ ไวน์ แอนด์ สปิริต (ประเทศไทย) จำกัด,920.20,Y,999.00,1.000,1.000,1.000
far-yeast-aran-wood-aged-pilsner-5.0%-350ml.,10632,Far Yeast Aran Wood Aged Pilsner 5.0% 350ml.,เบียร์คราฟท์,,N,,,,,,,159.00,4560450663157,,,Y,,"BEERVANA (THAILAND) CO., LTD.",159.00,Y,209.00,0.000,3.000,6.000
far-yeast-tokyo-blonde-5.0%,10719,Far Yeast Tokyo Blonde 5.0% 350 ml,เบียร์คราฟท์,,N,,,,,,,149.00,675845476545,,,Y,,บริษัท โดโด้ ลิเคอร์ สโตร์ จำกัด,149.00,Y,195.00,3.000,3.000,6.000
far-yeast-tokyo-white-5.0%,10718,Far Yeast Tokyo White 5.0% 350 ml,เบียร์คราฟท์,,N,,,,,,,139.00,5894765416947,,,Y,,"BEERVANA (THAILAND) CO., LTD.",139.00,Y,180.00,0.000,3.000,5.000
federbrau-490-ml.,10703,FEDERBRAU 490 ML.,เบียร์,,N,,,,,,,52.91,8851994225014,,,Y,,บริษัท แคชแวน แมนเนจเม้นท์ จำกัด,52.91,Y,57.00,16.000,12.000,24.000
fleur-de-galetis-blanc-75-cl.,10786,Fleur De Galetis Blanc 750 ml.,ไวน์,,N,,,,,,,358.00,3700904307669,,,Y,,บริษัท ทัช คอมเมอร์เชียล โฮลดิ้ง จำกัด,358.00,Y,459.00,13.000,3.000,6.000
fleur-de-galetis-roae-75-cl.,10785,Fleur De Galetis Roae 750 ml.,ไวน์,,N,,,,,,,390.00,3700904300196,,,Y,,,390.00,Y,399.00,3.000,6.000,6.000
fleur-de-galetis-rouge-750ml.,10692,Fleur De Galetis Rouge 750ml.,ไวน์,,N,,,,,,,348.35,3760053110329,,,Y,,,348.35,Y,399.00,10.000,2.000,4.000
fly-to-nasa-west-coast-plisner,10732,Fly to Nasa West Coast IPA 330 ml,เบียร์คราฟท์,,N,,,,,,,165.00,JC10732,,,Y,,บริษัท กรุ๊ปบี จำกัด,165.00,Y,225.00,0.000,3.000,6.000
ford-gin-750-ml.,10979,Ford Gin 750 ml.,เหล้านำเข้า,,N,,,,,,,1390.00,081128005207,,,Y,,บริษัท เคี้ยงเทรดดิ้ง จำกัด,1390.00,Y,1519.00,3.000,3.000,3.000
fresh-natural-gold-melon-fruit-wine,10532,FRESH NATURAL GOLD MELON FRUIT WINE 275 ml,สุราชุมชน,,N,,,,,,,66.50,JC10532,,,Y,,Furano Fruit Wine,66.50,Y,99.00,16.000,6.000,13.000
fresh-natural-green-melon,10530,FRESH NATURAL GREEN MELON 275 ml,สุราชุมชน,,N,,,,,,,66.50,JC10530,,,Y,,Furano Fruit Wine,66.50,Y,99.00,10.000,6.000,13.000
fresh-natural-homnil-rice-wine,10531,FRESH NATURAL HOMNIL RICE WINE 275 ml,สุราชุมชน,,N,,,,,,,66.50,JC10531,,,Y,,Furano Fruit Wine,66.50,Y,99.00,15.000,6.000,13.000
fresh-natural-mango-fruit-wine,10533,FRESH NATURAL MANGO FRUIT WINE 275 ml,สุราชุมชน,,N,,,,,,,66.50,8857128799055,,,Y,,Furano Fruit Wine,66.50,Y,99.00,10.000,6.000,13.000
fresh-natural-ไวน์ข้าวกข43,10432,FRESH NATURAL RD43 RICE WINE 275 ml,สุราชุมชน,,N,,,,,,,66.50,JC10432,,,Y,,Furano Fruit Wine,66.50,Y,99.00,17.000,6.000,13.000
fronter-cabernet-sauvignon-1.5ml,10704,Frontera Cabernet Sauvignon 1.5ml,ไวน์,,N,,,,,,,631.30,7804320508009,,,Y,,บริษัท อินดิเพนเด้นท์ ไวน์ แอนด์ สปิริต (ประเทศไทย) จำกัด,631.30,Y,749.00,3.000,6.000,6.000
fronter-cabernet-sauvignon-750ml,10643,Frontera Cabernet Sauvignon 750ml,ไวน์,,N,,,,,,,353.10,7804320559001,,,Y,,บริษัท อินดิเพนเด้นท์ ไวน์ แอนด์ สปิริต (ประเทศไทย) จำกัด,353.10,Y,399.00,6.000,6.000,6.000
fronte-chardonnay,10665,Frontera Chardonnay,ไวน์,,N,,,,,,,353.10,7804320642277,,,Y,,บริษัท อินดิเพนเด้นท์ ไวน์ แอนด์ สปิริต (ประเทศไทย) จำกัด,353.10,Y,399.00,3.000,3.000,3.000
g7-3in1-instant-coffee-1600g,10479,G7 3in1 instant coffee 1600g (100 ซอง),กาแฟ,,N,,,,,,,417.30,8935024156117,,,Y,,บริษัท พิริยพูล อินเตอร์เนชั่นแนล จำกัด,417.30,Y,579.00,0.000,3.000,5.000
g7-3in1-instant-coffee-352g,10481,G7 3in1 instant coffee 352g (22 ซอง),กาแฟ,,N,,,,,,,97.32,8935024153543,,,Y,,บริษัท พิริยพูล อินเตอร์เนชั่นแนล จำกัด,96.30,Y,109.00,253.000,12.000,24.000
g7-3in1-instant-coffee-800g,10480,G7 3in1 instant coffee 800g (50 ซอง),กาแฟ,,N,,,,,,,164.50,8935024149669,,,Y,,บริษัท พิริยพูล อินเตอร์เนชั่นแนล จำกัด,164.50,Y,209.00,0.000,5.000,10.000
g7-espresso-coffee-37.5g,10478,G7 ESPRESSO COFFEE 37.5G,กาแฟ,,N,,,,,,,98.44,8935024150702,,,Y,,บริษัท พิริยพูล อินเตอร์เนชั่นแนล จำกัด,98.44,Y,119.00,0.000,12.000,24.000
g7-strong-x2-3in1-instant-coffee-600g(24stick),10263,G7 STRONG X2 3IN1 INSTANT COFFEE 600G(24STICK),กาแฟ,,N,,,,,,,160.28,8935024159965,,,Y,,บริษัท พิริยพูล อินเตอร์เนชั่นแนล จำกัด,160.28,Y,225.00,0.000,12.000,24.000
gentleman-jack-75-cl.,10977,Gentleman Jack 75 cl.,เหล้านำเข้า,,N,,,,,,,1490.00,082184028727,,,Y,,บริษัท เคี้ยงเทรดดิ้ง จำกัด,1490.00,Y,1629.00,3.000,3.000,3.000
gin-mare-700-ml.,10980,Gin Mare 700 ml.,เหล้านำเข้า,,N,,,,,,,2250.00,8411640000459,,,Y,,บริษัท เคี้ยงเทรดดิ้ง จำกัด,2250.00,Y,2449.00,3.000,3.000,3.000
ginga-kogen-beer-5.5%-350ml.,10634,Ginga Kogen Beer 5.5% 350ml.,เบียร์คราฟท์,,N,,,,,,,119.00,4535659100000,,,Y,,"BEERVANA (THAILAND) CO., LTD.",119.00,Y,160.00,0.000,3.000,6.000
granmonte-red-jungle-grappa-330ml,10438,Granmonte Red Jungle Grappa 330ml,สุราชุมชน,,N,,,,,,,582.13,8856516009745,,,Y,,บริษัท กรุ๊ปบี จำกัด,582.13,Y,849.00,5.000,6.000,6.000
granmonte-red-jungle-grappa-l-700ml-40%,10247,GranMonte Red Jungle Grappa L 700ml 40%,สุราชุมชน,,N,,,,,,,890.00,8858802499841,,,Y,,บริษัท กรุ๊ปบี จำกัด,890.00,Y,1290.00,4.000,6.000,6.000
haplab-blackjack-imperial-stout,10576,HAPLAB Blackjack imperial Stout 330 ml,เบียร์คราฟท์,,N,,,,,,,169.00,8855796039107,,,Y,,บริษัท กรุ๊ปบี จำกัด,169.00,Y,230.00,5.000,6.000,12.000
happy-monster-passionfruit/peach,10767,Happy Monster Passionfruit/Peach 500 ml,เบียร์คราฟท์,,N,,,,,,,149.74,5027342001316,,,Y,,บริษัท เมอรี่ ริช ด๊อก จำกัด,149.74,Y,199.00,6.000,6.000,6.000
happy-monster-strawberrt/lime,10766,Happy Monster Strawberrt Sundae 500 ml,เบียร์คราฟท์,,N,,,,,,,149.74,7312720047108,,,Y,,บริษัท เมอรี่ ริช ด๊อก จำกัด,149.74,Y,199.00,0.000,3.000,6.000
haut-lafon-rouge-1.5-ltr.,10690,Haut Lafon Rouge 1.5 Ltr.,ไวน์,,N,,,,,,,585.00,3700904307652,,,Y,,บริษัท ทัช คอมเมอร์เชียล โฮลดิ้ง จำกัด,585.00,Y,690.00,3.000,3.000,6.000
herradura-reposado-tequila-750-ml,10985,Herradura Reposado Tequila 750 ml,เหล้านำเข้า,,N,,,,,,,2790.00,744607111324,,,Y,,บริษัท เคี้ยงเทรดดิ้ง จำกัด,2790.00,Y,3039.00,3.000,3.000,3.000
highland-x-the-brewing-project-6.0%,10715,HIGHLAND x The Brewing Project 6.0% 490 ml,เบียร์คราฟท์,,N,,,,,,,190.00,8855796039190,,,Y,,บริษัท โดโด้ ลิเคอร์ สโตร์ จำกัด,190.00,Y,250.00,0.000,4.000,9.000
hod-dream-alone-pale---5.7%--330ml,10548,HOD Dream Alone Pale   5.7%  330ml,เบียร์คราฟท์,,N,,,,,,,125.00,8938511702057,,,Y,,บริษัท เมอรี่ ริช ด๊อก จำกัด,125.00,Y,169.00,4.000,6.000,6.000
hod-the-river-india-pale-ale,10550,HOD The River India Pale Ale 330 ml,เบียร์คราฟท์,,N,,,,,,,125.00,8938511702958,,,Y,,บริษัท เมอรี่ ริช ด๊อก จำกัด,125.00,Y,169.00,2.000,3.000,6.000
hoppy-folks-love-at-sundown,10289,HOPPY Folks Love At Sundown 490 ml,เบียร์คราฟท์,,N,,,,,,,156.33,8855796036113,,,Y,,บริษัท กรุ๊ปบี จำกัด,156.33,Y,220.00,4.000,9.000,9.000
isan-brothers-witbier,10685,Isan brothers Witbier 330 ml,เบียร์คราฟท์,,N,,,,,,,160.00,JC10685,,,Y,,บริษัท กรุ๊ปบี จำกัด,160.00,Y,220.00,0.000,3.000,6.000
อีสานรัม,10430,Issan Rum (อีสานรัม) 700 ml,สุราชุมชน,,N,,,,,,,783.33,JC10430,,,Y,,บจก.วีวีสปิริตส์,783.33,Y,1199.00,11.000,,
j.j.-mc-william-pinot-grigio-2022--750ml,10539,J.J. Mc William Pinot Grigio 2022  750ml,ไวน์,,N,,,,,,,351.11,9311769006969,,,Y,,บริษัท ทัช คอมเมอร์เชียล โฮลดิ้ง จำกัด,351.11,Y,399.00,12.000,3.000,6.000
jack-daniels-apple-70-cl,10975,Jack Daniels Apple 70 cl.,เหล้านำเข้า,,N,,,,,,,1170.00,5099873017623,,,Y,,บริษัท เคี้ยงเทรดดิ้ง จำกัด,1170.00,Y,1279.00,0.000,2.000,3.000
jack-daniels-fire-75-cl.,10976,Jack Daniels Fire 75 cl.,เหล้านำเข้า,,N,,,,,,,1300.00,082184001172,,,Y,,บริษัท เคี้ยงเทรดดิ้ง จำกัด,1300.00,Y,1419.00,1.000,2.000,3.000
jack-daniels-honey-70-cl,10974,Jack Daniels Honey 70 cl.,เหล้านำเข้า,,N,,,,,,,1200.00,509987001370,,,Y,,บริษัท เคี้ยงเทรดดิ้ง จำกัด,1200.00,Y,1309.00,0.000,2.000,3.000
jack-daniels-single-barrel-75-cl.,10978,Jack Daniels Single Barrel 75 cl.,เหล้านำเข้า,,N,,,,,,,2740.00,082184087008,,,Y,,บริษัท เคี้ยงเทรดดิ้ง จำกัด,2740.00,Y,2989.00,2.000,2.000,3.000
jack-daniels-whisky-1-l,10973,Jack Daniels Whisky 1 L,เหล้านำเข้า,,N,,,,,,,1580.00,082184090442,,,Y,,บริษัท เคี้ยงเทรดดิ้ง จำกัด,1580.00,Y,1719.00,2.000,2.000,3.000
jack-daniels-whisky-70-cl,10972,Jack Daniels Whisky 70 cl,เหล้านำเข้า,,N,,,,,,,1170.00,5099873090473,,,Y,,บริษัท เคี้ยงเทรดดิ้ง จำกัด,1170.00,Y,1279.00,2.000,2.000,3.000
jelly-เยลลี่-ฟรุ๊ตทาซี่,10905,JELLY เยลลี่ ฟรุ๊ตทาซี่,ขนมขบเคี้ยวและของหวาน,,N,,,,,,,16.95,JC10905,,,Y,,บริษัท รวิสรา อินดัสตรี้ จำกัด,16.95,Y,35.00,39.000,,
kagua-blanc-8.0%,10716,Kagua Blanc 8.0% 330 ml,เบียร์คราฟท์,,N,,,,,,,184.00,4560450660019,,,Y,,"BEERVANA (THAILAND) CO., LTD.",184.00,Y,240.00,0.000,3.000,6.000
kagua-rouge-9.0%,10717,Kagua Rouge 9.0% 330 ml,เบียร์คราฟท์,,N,,,,,,,184.00,4560450660026,,,Y,,"BEERVANA (THAILAND) CO., LTD.",184.00,Y,240.00,3.000,3.000,6.000
สุราข้าวหอมชัยภูมิ-330-ml,10280,Kao Hom Chaiyaphum สุราข้าวหอมชัยภูมิ 330 ml,สุราชุมชน,,N,,,,,,,320.65,JC10280,,,Y,,สุราข้าวหอมชัยภูมิ,320.65,Y,420.00,1.000,12.000,12.000
สุราข้าวหอมชัยภูมิ-700-ml,10279,Kao Hom Chaiyaphum สุราข้าวหอมชัยภูมิ 700 ml,สุราชุมชน,,N,,,,,,,524.70,JC10279,,,Y,,สุราข้าวหอมชัยภูมิ,524.70,Y,690.00,19.000,6.000,12.000
khao-kho-ipa,10269,KHAO KHO IPA 330 ml,เบียร์คราฟท์,,N,,,,,,,141.66,8857200498524,,,Y,,บริษัท กรุ๊ปบี จำกัด,141.66,Y,200.00,5.000,9.000,9.000
khao-kho-weizen,10419,KHAO KHO Weizen 330 ml,เบียร์คราฟท์,,N,,,,,,,125.00,8857200498517,,,Y,,บริษัท กรุ๊ปบี จำกัด,125.00,Y,180.00,6.000,6.000,9.000
khonkaen-summer-ale,10277,Khonkaen Summer Ale 330ml,เบียร์คราฟท์,,N,,,,,,,156.00,JC10277,,,Y,,บริษัท กรุ๊ปบี จำกัด,156.00,Y,200.00,3.000,3.000,6.000
kilo-gn-70cl-bottle,10928,Kilo GN 70cl bottle,สุราชุมชน,,N,,,,,,,1152.39,0737655464238,,,Y,,บริษัท กิโล ฮูช จำกัด,1152.39,Y,1350.00,6.000,6.000,6.000
kilo-rm-70cl-bottle,10930,Kilo RM 70cl bottle,สุราชุมชน,,N,,,,,,,1055.02,0737655464306,,,Y,,บริษัท กิโล ฮูช จำกัด,1055.02,Y,1230.00,6.000,6.000,6.000
kilo-vdk-70cl-bottle,10929,Kilo VDK 70cl bottle,สุราชุมชน,,N,,,,,,,939.46,0737655464245,,,Y,,บริษัท กิโล ฮูช จำกัด,939.46,Y,1090.00,4.000,6.000,6.000
kirikhan-750ml,10465,KIRIKHAN 750ml,สุราชุมชน,,N,,,,,,,635.10,JC10465,,,Y,,,635.10,Y,849.00,6.000,6.000,6.000
kristoffel--blond-330ml.,10626,Kristoffel  Blond 330ml.,เบียร์คราฟท์,,N,,,,,,,116.17,5411616000448,,,Y,,บริษัท เบียร์ทีค จำกัด,116.17,Y,159.00,5.000,6.000,6.000
kristoffel--dark-330ml.,10519,Kristoffel  Dark 330ml.,เบียร์คราฟท์,,N,,,,,,,116.17,5411616000455,,,Y,,บริษัท กัปตันบาร์เรล จำกัด,116.17,Y,159.00,6.000,6.000,6.000
kristoffel-white-330ml.,10518,kristoffel White 330ml.,เบียร์คราฟท์,,N,,,,,,,116.17,5411616001490,,,Y,,บริษัท กัปตันบาร์เรล จำกัด,116.17,Y,159.00,2.000,3.000,6.000
krombacher-dark-500ml.,10727,Krombacher Dark 500ml.,เบียร์คราฟท์,,N,,,,,,,128.00,4008287909777,,,Y,,Premium Product Partner Co.Ltd,128.00,Y,170.00,5.000,6.000,12.000
krombacher-hell/lager-500ml.-can,10728,Krombacher Hell/Lager can 500ml.,เบียร์คราฟท์,,N,,,,,,,128.00,4008287911213,,,Y,,Premium Product Partner Co.Ltd,128.00,Y,170.00,10.000,24.000,24.000
krombacher-pils-500ml.,10725,Krombacher Pils 500ml.,เบียร์คราฟท์,,N,,,,,,,128.00,4008287054224,,,Y,,Premium Product Partner Co.Ltd,128.00,Y,170.00,6.000,6.000,12.000
krombacher-radler-500ml.-can,10729,Krombacher Radler can 500ml.,เบียร์คราฟท์,,N,,,,,,,109.80,4008287772937,,,Y,,Premium Product Partner Co.Ltd,109.80,Y,150.00,4.000,12.000,24.000
krombacher-weizen-500ml.,10726,Krombacher WeiZen 500ml.,เบียร์คราฟท์,,N,,,,,,,128.00,4008287762020,,,Y,,Premium Product Partner Co.Ltd,128.00,Y,170.00,3.000,6.000,12.000
kulovvodka40%--345ml,10364,KulovVodka40%  345ml,สุรา,,N,,,,,,,162.00,8855155000861,,,Y,,บริษัท แคชแวน แมนเนจเม้นท์ จำกัด,162.00,Y,180.00,7.000,12.000,12.000
kwai-pale-ale,10073,Kwai Pale Ale 330 ml,เบียร์คราฟท์,,N,,,,,,,122.50,8854371007692,,,Y,,บริษัท กรุ๊ปบี จำกัด,122.50,Y,180.00,8.000,9.000,9.000
kwai-wit-bier,10078,Kwai Wit Bier 330 ml,เบียร์คราฟท์,,N,,,,,,,123.12,8854371007715,,,Y,,บริษัท กรุ๊ปบี จำกัด,115.60,Y,180.00,15.000,3.000,9.000
kyu-kyu-gold-15%-720ml,10031,Kyu Kyu Gold 15% 720ml,สุรา,,N,,,,,,,440.00,8859515900778,,,Y,,บริษัท ซีซีเอ็ม แบรนด์ จำกัด,440.00,Y,550.00,0.000,3.000,6.000
kyu-kyu-honey-umeshu-15%-750ml,10954,KYU KYU HONEY UMESHU 15% 750ml,สุรา,,N,,,,,,,257.00,8859515900655,,,Y,,บริษัท ซีซีเอ็ม แบรนด์ จำกัด,257.00,Y,299.00,18.000,3.000,
kyu-kyu-original-umeshu-15%-330-ml,10793,Kyu Kyu Original Umeshu 15% 330 ml,สุรา,,N,,,,,,,114.00,8859515900464,,,Y,,บริษัท ซีซีเอ็ม แบรนด์ จำกัด,114.00,Y,139.00,22.000,6.000,12.000
kyu-kyu-original-umeshu-15%-750ml,10666,Kyu Kyu Original Umeshu 15% 750ml,สุรา,,N,,,,,,,257.00,8859515900198,,,Y,,บริษัท ซีซีเอ็ม แบรนด์ จำกัด,257.00,Y,299.00,28.000,6.000,12.000
kyu-kyu-sencha-15%-750ml,10713,kyu kyu Sencha 15% 750ml,สุรา,,N,,,,,,,240.00,8859515900204,,,Y,,บริษัท ซีซีเอ็ม แบรนด์ จำกัด,240.00,Y,299.00,4.000,6.000,12.000
kyu-kyu-umeshu-ice-6%-300ml.,10168,KYU KYU UMESHU ICE 6% 300ML.,สุรา,,N,,,,,,,75.00,8859515900846,,,Y,,บริษัท ซีซีเอ็ม แบรนด์ จำกัด,75.00,Y,89.00,15.000,6.000,12.000
kyu-kyu-white-750ml,10744,KYU KYU WHITE 750ml,สุรา,,N,,,,,,,220.00,8859515900761,,,Y,,บริษัท ซีซีเอ็ม แบรนด์ จำกัด,220.00,Y,299.00,4.000,6.000,6.000
kyu-kyu-yuzu-15%-330ml,10002,Kyu Kyu Yuzu 15% 330ml,สุรา,,N,,,,,,,114.00,8859515900693,,,Y,,บริษัท ซีซีเอ็ม แบรนด์ จำกัด,114.00,Y,139.00,10.000,6.000,12.000
kyu-kyu-yuzu-15%-750ml,10707,Kyu Kyu Yuzu 15% 750ml,สุรา,,N,,,,,,,251.33,8859515900624,,,Y,,บริษัท ซีซีเอ็ม แบรนด์ จำกัด,251.33,Y,299.00,16.000,6.000,12.000
kyu-kyu-zero-sugar-15%-750ml,10714,kyu kyu Zero Sugar 15% 750ml,สุรา,,N,,,,,,,257.00,8859515900709,,,Y,,บริษัท ซีซีเอ็ม แบรนด์ จำกัด,257.00,Y,299.00,30.000,6.000,12.000
laen-kha-chaiyaphum-(ดอกกระเจียว),10865,Laen Kha chaiyaphum (ดอกกระเจียว) 700 ml,สุราชุมชน,,N,,,,,,,500.00,8857200648561,,,Y,,วิสาหกิจชุมชนภูแลนคา ไวท์,500.00,Y,690.00,5.000,6.000,6.000
laen-kha-chaiyaphum,10688,Laen Kha chaiyaphum (สับปะรด) 700 ml,สุราชุมชน,,N,,,,,,,500.00,8857200648516,,,Y,,วิสาหกิจชุมชนภูแลนคา ไวท์,500.00,Y,690.00,3.000,6.000,6.000
laen-kha-chaiyaphum-(อ้อย),10594,Laen Kha chaiyaphum (อ้อย) 700 ml,สุราชุมชน,,N,,,,,,,500.00,8857200648547,,,Y,,วิสาหกิจชุมชนภูแลนคา ไวท์,500.00,Y,690.00,5.000,6.000,6.000
laen-kha-spirit-of-laen-kha-750%,10049,Laen Kha SPIRIT OF LAEN KHA 750ml,สุราชุมชน,,N,,,,,,,600.00,8857200748025,,,Y,,วิสาหกิจชุมชนภูแลนคา ไวท์,600.00,Y,850.00,0.000,0.000,0.000
laughing-bird-classic-dry-red-1.5-ltr,10536,Laughing Bird Classic Dry Red 1.5 LTR,ไวน์,,N,,,,,,,540.01,9311880015772,,,Y,,บริษัท ทัช คอมเมอร์เชียล โฮลดิ้ง จำกัด,540.01,Y,599.00,10.000,3.000,6.000
laughing-bird-crisp-dry-white-1.5-ltr.,10689,Laughing Bird Crisp Dry White 1.5 LTR.,ไวน์,,N,,,,,,,540.01,9335966006072,,,Y,,บริษัท ทัช คอมเมอร์เชียล โฮลดิ้ง จำกัด,540.01,Y,599.00,15.000,3.000,6.000
laughing-bird-elegant-dry-red-1.5-ltr.,10955,Laughing Bird Elegant Dry Red 1.5 LTR.,ไวน์,,N,,,,,,,540.01,9335966006560,,,Y,,บริษัท ทัช คอมเมอร์เชียล โฮลดิ้ง จำกัด,540.01,Y,599.00,14.000,5.000,12.000
laughing-bird-reserve-dry-red-750-ml.,10157,Laughing Bird Reserve Dry Red 750 ML.,ไวน์,,N,,,,,,,333.79,9335966006126,,,Y,,บริษัท ทัช คอมเมอร์เชียล โฮลดิ้ง จำกัด,333.79,Y,369.00,12.000,6.000,12.000
"laughing-brid-winemaker's-selected-red-1.5-ltr,-13.5%",10219,"Laughing Brid Winemaker's Selected red 1.5 LTR, 13.5%",ไวน์,,N,,,,,,,540.01,9335966006447,,,Y,,บริษัท ทัช คอมเมอร์เชียล โฮลดิ้ง จำกัด,540.01,Y,599.00,9.000,6.000,6.000
"lindemans-(-begin)-pecheresse-(peach,tart,sweet)",10307,LINDEMANS  PECHERESSE 250 ml,เบียร์คราฟท์,,N,,,,,,,126.00,5411223100838,,,Y,,บริษัท กัปตันบาร์เรล จำกัด,126.00,Y,179.00,1.000,3.000,9.000
lindemans-kriek-250ml.,10503,LINDEMANS KRIEK 250ml.,เบียร์คราฟท์,,N,,,,,,,136.17,5411223100463,,,Y,,บริษัท กัปตันบาร์เรล จำกัด,136.17,Y,179.00,1.000,3.000,6.000
"lindmans-(belgium)-framboise-(rose)-(-tart,raspberry,funky)",10308,LINDMANS  FRAMBOISE (rose) 250 ml,เบียร์คราฟท์,,N,,,,,,,132.10,5411223100487,,,Y,,บริษัท กัปตันบาร์เรล จำกัด,132.10,Y,179.00,2.000,3.000,9.000
los-vascos-(dbr)-cabernet-sauvgnon-750ml.,10847,Los Vascos (DBR) Cabernet Sauvgnon 750ml.,ไวน์,,N,,,,,,,627.56,7804360111009,,,Y,,บริษัท เกรท ไวน์แอนด์สปิริต จำกัด,627.56,Y,790.00,1.000,1.000,2.000
los-vascos-chagual-cabernet-sauvignon-750ml.,10846,Los Vascos Chagual cabernet sauvignon 750ml.,ไวน์,,N,,,,,,,763.98,7804360000846,,,Y,,บริษัท เกรท ไวน์แอนด์สปิริต จำกัด,763.98,Y,990.00,2.000,3.000,3.000
los-vascos-cromas-cabernet-franc-gran-reserva-750ml.,10845,Los Vascos Cromas Cabernet Franc gran reserva 750ml.,ไวน์,,N,,,,,,,900.45,7804360000587,,,Y,,บริษัท เกรท ไวน์แอนด์สปิริต จำกัด,900.45,Y,1090.00,2.000,3.000,3.000
los-vascos-cromas-carmenere-gran-reserva-750ml.,10844,Los Vascos Cromas Carmenere gran reserva 750ml.,ไวน์,,N,,,,,,,900.45,7804360000488,,,Y,,บริษัท เกรท ไวน์แอนด์สปิริต จำกัด,900.45,Y,1090.00,2.000,3.000,3.000
los-vascos-cromas-gran-reserva-cabernet-750ml.,10843,Los Vascos Cromas Gran Reserva Cabernet 750ml.,ไวน์,,N,,,,,,,900.45,7804360000471,,,Y,,บริษัท เกรท ไวน์แอนด์สปิริต จำกัด,900.45,Y,1090.00,2.000,3.000,3.000
lower-east-side-blended-malt-scotch-whisky-70-cl,10609,Lower East Side Blended Malt Scotch Whisky 70 CL,เหล้านำเข้า,,N,,,,,,,1498.00,5060395410100,,,Y,,บริษัท อินดิเพนเด้นท์ ไวน์ แอนด์ สปิริต (ประเทศไทย) จำกัด,1498.00,Y,1800.00,2.000,3.000,3.000
วอดก้าหมาใจดำ-amrit-650ml.,10749,Maajaidum วอดก้าหมาใจดำ Amrit 650ML.,สุราชุมชน,,N,,,,,,,715.00,8857121185169,,,Y,,บริษัท หมาใจดำ จำกัด,715.00,Y,899.00,5.000,6.000,6.000
mahanakhon-hazy-ipa,10085,Mahanakhon Hazy IPA 490 ml,เบียร์คราฟท์,,N,,,,,,,122.50,8859373200775,,,Y,,บริษัท กรุ๊ปบี จำกัด,122.50,Y,190.00,0.000,3.000,9.000
mahanakhon-pale-ale,10084,Mahanakhon Pale Ale 490 ml,เบียร์คราฟท์,,N,,,,,,,105.00,8859373200751,,,Y,,บริษัท กรุ๊ปบี จำกัด,105.00,Y,160.00,0.000,3.000,9.000
mahanakhon-cashmere-single-hops,10265,Mahanakhon Session IPA 490 ml,เบียร์คราฟท์,,N,,,,,,,109.00,8855796022314,,,Y,,บริษัท กรุ๊ปบี จำกัด,109.00,Y,150.00,0.000,3.000,9.000
mahanakhon-white-ale,10578,Mahanakhon White Ale 490 ml,เบียร์คราฟท์,,N,,,,,,,105.00,8859373200768,,,Y,,บริษัท กรุ๊ปบี จำกัด,105.00,Y,150.00,0.000,3.000,6.000
mahanakhon-white-ipa,10107,Mahanakhon White IPA 490 ml,เบียร์คราฟท์,,N,,,,,,,105.00,8859373200744,,,Y,,บริษัท กรุ๊ปบี จำกัด,105.00,Y,160.00,0.000,3.000,9.000
maisel-weisse-dunkel-500ml,10516,Maisel Weisse Dunkel 500ml,เบียร์คราฟท์,,N,,,,,,,139.30,40173689,,,Y,,บริษัท เมอรี่ ริช ด๊อก จำกัด,139.30,Y,175.00,9.000,6.000,6.000
maisel-weisse-kristal-500ml,10517,Maisel Weisse Kristal 500ml,เบียร์คราฟท์,,N,,,,,,,144.45,4017300020016,,,Y,,บริษัท เมอรี่ ริช ด๊อก จำกัด,144.45,Y,175.00,6.000,6.000,6.000
maisel-weisse-original-500ml,10515,Maisel Weisse Original 500ml,เบียร์คราฟท์,,N,,,,,,,144.45,4017300020009,,,Y,,บริษัท เมอรี่ ริช ด๊อก จำกัด,144.45,Y,175.00,6.000,6.000,6.000
maschio-gran-cuvee-vino-spumante-extra-dry-75cl.,10422,MASCHIO GRAN CUVEE VINO SPUMANTE EXTRA DRY 750 ml.,ไวน์,,N,,,,,,,421.71,8002550506188,,,Y,,บริษัท ทัช คอมเมอร์เชียล โฮลดิ้ง จำกัด,421.71,Y,469.00,4.000,6.000,6.000
maschio-prosecco-doc-treviso-spumante-extra-dary-75cl.,10362,MASCHIO PROSECCO DOC TREVISO SPUMANTE EXTRA DARY 750 ml,ไวน์,,N,,,,,,,529.22,8001540002228,,,Y,,บริษัท ทัช คอมเมอร์เชียล โฮลดิ้ง จำกัด,529.22,Y,599.00,6.000,6.000,6.000
maschio-prosecco-rose-extar-dry-75cl.,10377,MASCHIO PROSECCO ROSE EXTAR DRY 750 ml.,ไวน์,,N,,,,,,,540.27,8002550507277,,,Y,,บริษัท ทัช คอมเมอร์เชียล โฮลดิ้ง จำกัด,540.27,Y,609.00,13.000,3.000,6.000
maschio-rose-vino-spumante-extra-dry-75cl.,10423,MASCHIO ROSE VINO SPUMANTE EXTRA DRY 750 ml.,ไวน์,,N,,,,,,,420.34,8002550503637,,,Y,,บริษัท ทัช คอมเมอร์เชียล โฮลดิ้ง จำกัด,0.00,Y,469.00,7.000,3.000,6.000
max-beer-summer-in-the-rain,10268,MAX BEER summer in the rain 330 ml,เบียร์คราฟท์,,N,,,,,,,139.00,8855796036649,,,Y,,บริษัท กรุ๊ปบี จำกัด,139.00,Y,190.00,7.000,3.000,9.000
mccormick-vodka-75-cl,10495,McCormick Vodka 75 CL,เหล้านำเข้า,,N,,,,,,,395.90,085592104541,,,Y,,บริษัท อินดิเพนเด้นท์ ไวน์ แอนด์ สปิริต (ประเทศไทย) จำกัด,395.90,Y,490.00,1.000,1.000,1.000
"mcguigan-merlot-private-bin-australia-2016,750-ml",10911,"MCGUIGAN MERLOT PRIVATE BIN AUSTRALIA 2016,750 ML",ไวน์,,N,,,,,,,471.00,9310415011517,,,Y,,บริษัท เตียเจริญ เบฟเวอเรจ จำกัด,471.00,Y,499.00,0.000,6.000,12.000
mcwilliam's-660-canberra-syrah-2021-75cl.,10366,MCWILLIAM'S 660 CANBERRA SYRAH 2021 750 ml.,ไวน์,,N,,,,,,,496.47,9311769004620,,,Y,,บริษัท ทัช คอมเมอร์เชียล โฮลดิ้ง จำกัด,496.47,Y,599.00,5.000,3.000,6.000
mcwilliam's660hilltops-cabernet-sauvignon2023,10331,MCWILLIAM'S 660 HILLTOPS CABERNET SAUVIGNON 2023  750ML.,ไวน์,,N,,,,,,,496.47,9311769004705,,,Y,,,496.47,Y,599.00,5.000,3.000,3.000
mcwilliam's-660-tumbarumba-chardonnay-2022-75cl.,10392,MCWILLIAM'S 660 TUMBARUMBA CHARDONNAY 2022 750 ml.,ไวน์,,N,,,,,,,496.47,9311769004668,,,Y,,บริษัท ทัช คอมเมอร์เชียล โฮลดิ้ง จำกัด,496.47,Y,599.00,4.000,6.000,6.000
mcwilliam's-660-tumbarumba-pinot-noir-2022-75cl.,10359,MCWILLIAM'S 660 TUMBARUMBA PINOT NOIR 2022 750 ml,ไวน์,,N,,,,,,,496.47,9311769004682,,,Y,,บริษัท ทัช คอมเมอร์เชียล โฮลดิ้ง จำกัด,496.47,Y,599.00,6.000,6.000,6.000
milkis-apple-250ml.,10644,MILKIS APPLE 250ML.,น้ำดื่ม เครื่องดื่ม และผงชงดื่ม,,N,,,,,,,31.30,809939084453,,,Y,,บริษัท ไอมาร์เก็ต (ไทยแลนด์) จำกัด,31.30,Y,39.00,12.000,12.000,30.000
milkis-melon-250ml.,10737,MILKIS MELON 250ML.,น้ำดื่ม เครื่องดื่ม และผงชงดื่ม,,N,,,,,,,31.30,8801056005672,,,Y,,บริษัท ไอมาร์เก็ต (ไทยแลนด์) จำกัด,31.30,Y,39.00,14.000,15.000,30.000
milkis-peach-250ml.,10645,MILKIS PEACH 250ML.,น้ำดื่ม เครื่องดื่ม และผงชงดื่ม,,N,,,,,,,31.30,809939084422,,,Y,,บริษัท ไอมาร์เก็ต (ไทยแลนด์) จำกัด,31.30,Y,39.00,8.000,12.000,30.000
milkis-refreshing-milk&yogurt-250ml.,10738,MILKIS REFRESHING MILK&YOGURT 250ML.,น้ำดื่ม เครื่องดื่ม และผงชงดื่ม,,N,,,,,,,31.30,809939073549,,,Y,,บริษัท ไอมาร์เก็ต (ไทยแลนด์) จำกัด,31.30,Y,39.00,12.000,15.000,30.000
milkis-strawberry-250ml.,10736,MILKIS STRAWBERRY 250ML.,น้ำดื่ม เครื่องดื่ม และผงชงดื่ม,,N,,,,,,,31.30,8801056791018,,,Y,,บริษัท ไอมาร์เก็ต (ไทยแลนด์) จำกัด,31.30,Y,39.00,13.000,12.000,30.000
monsoon-valley-colombard-750ml.,10913,MONSOON VALLEY COLOMBARD 750ML.,ไวน์,,N,,,,,,,550.00,8850382101053,,,Y,,บริษัท เตียเจริญ เบฟเวอเรจ จำกัด,550.00,Y,619.00,4.000,4.000,4.000
monsoon-valley-shiraz-750ml.,10914,MONSOON VALLEY SHIRAZ 750ML.,ไวน์,,N,,,,,,,550.00,8850382111045,,,Y,,บริษัท เตียเจริญ เบฟเวอเรจ จำกัด,550.00,Y,619.00,4.000,5.000,5.000
monsoon-valley-signature-red-750ml.,10915,MONSOON VALLEY SIGNATURE RED 750ML.,ไวน์,,N,,,,,,,550.00,8850382304034,,,Y,,บริษัท เตียเจริญ เบฟเวอเรจ จำกัด,550.00,Y,639.00,6.000,3.000,6.000
mont-clair-bin-1-winemaker's-selection-750-ml.,10910,MONT CLAIR BIN 1 WINEMAKER'S SELECTION 750 ML.,ไวน์,,N,,,,,,,354.00,8850382404451,,,Y,,บริษัท เตียเจริญ เบฟเวอเรจ จำกัด,354.00,Y,369.00,17.000,6.000,12.000
mont-clair-bin-5-red-reserve-750-ml.,10908,MONT CLAIR BIN 5 RED RESERVE 750 ML.,ไวน์,,N,,,,,,,355.00,8850382101213,,,Y,,บริษัท เตียเจริญ เบฟเวอเรจ จำกัด,355.00,Y,369.00,12.000,6.000,12.000
mont-clair-bin-9-reserve-shiraz-750-ml.,10909,MONT CLAIR BIN 9 RESERVE SHIRAZ 750 ML.,ไวน์,,N,,,,,,,355.00,8850382101206,,,Y,,บริษัท เตียเจริญ เบฟเวอเรจ จำกัด,355.00,Y,369.00,8.000,6.000,12.000
mont-clair-koala-red-reserve--1.5l,10907,MONT CLAIR KOALA RED RESERVE  1.5L,ไวน์,,N,,,,,,,540.00,8850382406509,,,Y,,บริษัท เตียเจริญ เบฟเวอเรจ จำกัด,540.00,Y,580.00,25.000,9.000,18.000
morakot-american-pale-ale,10731,Morakot American Pale Ale 330 ml,เบียร์คราฟท์,,N,,,,,,,175.00,JC10731,,,Y,,บริษัท กรุ๊ปบี จำกัด,175.00,Y,240.00,5.000,6.000,6.000
monlin-de-gassac-cadernet-sauvignon'23,10711,Moulin de Gassac Cadernet Sauvignon'23,ไวน์,,N,,,,,,,447.70,3257698301118,,,Y,,บริษัท อินดิเพนเด้นท์ ไวน์ แอนด์ สปิริต (ประเทศไทย) จำกัด,470.80,Y,599.00,4.000,6.000,6.000
monlin-de-gassac-merlot-2024,10710,Moulin de Gassac Merlot 2024,ไวน์,,N,,,,,,,470.80,3257698309107,,,Y,,บริษัท อินดิเพนเด้นท์ ไวน์ แอนด์ สปิริต (ประเทศไทย) จำกัด,470.80,Y,599.00,2.000,6.000,6.000
moute-premium-red-750ml-m-stelvin,10836,Moute Premium Red M Stelvin 750ml,ไวน์,,N,,,,,,,305.00,083051170359,,,Y,,บริษัท อินเตอร์ เบฟเวอเรจ กรุ๊ป จำกัด,305.00,Y,490.00,7.000,4.000,8.000
moute-premium-white-750ml.-m-stelvin,10838,Moute Premium White M Stelvin 750ml.,ไวน์,,N,,,,,,,305.00,083051170366,,,Y,,บริษัท อินเตอร์ เบฟเวอเรจ กรุ๊ป จำกัด,305.00,Y,490.00,6.000,3.000,6.000
moute-special-red-750ml-m-stelvin,10840,Moute Special Red M Stelvin 750ml,ไวน์,,N,,,,,,,305.00,083051170373,,,Y,,บริษัท อินเตอร์ เบฟเวอเรจ กรุ๊ป จำกัด,305.00,Y,490.00,6.000,4.000,8.000
mr.boston-cherry-brandy-1000-ml,10462,Mr.Boston Cherry Brandy 1000 ml,เหล้านำเข้า,,N,,,,,,,492.20,089000013173,,,Y,,บริษัท แอมโบรส ไวน์ จำกัด,492.20,Y,595.00,7.000,6.000,12.000
์nakin-40%-750ml.,10372,Nakin 40% 750ml.,สุราชุมชน,,N,,,,,,,772.50,JC10372,,,Y,,นาคินทร์ เบฟเวอเรจ (สำนักงานใหญ่),772.50,Y,1059.00,9.000,6.000,
nakin-box-set-limited,10379,Nakin Box Set Limited,สุราชุมชน,,N,,,,,,,1871.74,JC10379,,,Y,,นาคินทร์ เบฟเวอเรจ (สำนักงานใหญ่),1871.74,Y,2499.00,0.000,1.000,3.000
์nasan-700ml-40%,10245,NASAN  40%700ml,สุราชุมชน,,N,,,,,,,490.00,JC10245,,,Y,,บริษัท กรุ๊ปบี จำกัด,490.00,Y,590.00,2.000,3.000,6.000
nawa-nawa--500-ml,10558,NAWA NAWA  500 ML (ไวน์ขาว),ไวน์,,N,,,,,,,420.00,JC10558,,,Y,,Parichat Outlet,420.00,Y,550.00,18.000,12.000,24.000
nawa-nawa-jambol-plum-750-ml-(limited),10962,NAWA NAWA JAMBOL PLUM 750 ML (Limited),ไวน์,,N,,,,,,,940.00,JC10962,,,Y,,Parichat Outlet,940.00,Y,1450.00,3.000,3.000,12.000
nawa-nawa-jambol-plum-750-ml,10557,NAWA NAWA JAMBOL PLUM 750 ML (ไวน์แดง),ไวน์,,N,,,,,,,550.00,JC10557,,,Y,,Parichat Outlet,550.00,Y,699.00,1.000,12.000,24.000
nb-brauhaus-hefe-weissbier,10134,NB Brauhaus Hefe Weissbier 490 ml,เบียร์คราฟท์,,N,,,,,,,129.33,8855796036045,,,Y,,บริษัท เบียร์ทีค จำกัด,129.33,Y,190.00,3.000,3.000,9.000
nb-brauhaus-rauchbier-smoke-beer,10303,NB Brauhaus Rauchbier Smoke Beer 490 ml,เบียร์คราฟท์,,N,,,,,,,131.00,8855796036335,,,Y,,บริษัท เบียร์ทีค จำกัด,131.00,Y,180.00,6.000,3.000,9.000
nescafe-gold-ooffee-200-g-gift-set-2026,10935,NESCAFE GOLD OOFFEE 200-G GIFT SET 2026,กาแฟ,,N,,,,,,,593.85,8858663181985,,,Y,,บริษัท พิริยพูล อินเตอร์เนชั่นแนล จำกัด,593.85,Y,749.00,12.000,6.000,12.000
oakwood-gourmet-red-750ml-stelvin,10834,Oakwood Gourmet Red stelvin 750ml,ไวน์,,N,,,,,,,305.00,083051140154,,,Y,,บริษัท อินเตอร์ เบฟเวอเรจ กรุ๊ป จำกัด,305.00,Y,490.00,7.000,4.000,
oakwood-gourmet-white-750ml-stelvin,10837,Oakwood Gourmet White Stelvin 750ml,ไวน์,,N,,,,,,,305.00,083051140161,,,Y,,บริษัท อินเตอร์ เบฟเวอเรจ กรุ๊ป จำกัด,305.00,Y,490.00,5.000,3.000,6.000
old-pulteney-single-malt-scotch-whisky-12years-46%70cl.,10511,OLD PULTENEY Single Malt Scotch Whisky 12Years 46%70cl.,เหล้านำเข้า,,N,,,,,,,2124.00,5010509060028,,,Y,,"Horeca Management Co., Ltd.",2124.00,Y,2590.00,1.000,1.000,1.000
old-pulteney-single-malt-scotch-whisky-15years-46%-70cl.,10508,OLD PULTENEY Single Malt Scotch Whisky 15Years 46% 70cl.,เหล้านำเข้า,,N,,,,,,,3435.99,5010509881678,,,Y,,"Horeca Management Co., Ltd.",3435.99,Y,4190.00,1.000,1.000,1.000
old-pulteney-single-malt-scotch-whisky-18years-46%-70cl.,10509,OLD PULTENEY Single Malt Scotch Whisky 18Years 46% 70cl.,เหล้านำเข้า,,N,,,,,,,5486.00,5010509881685,,,Y,,"Horeca Management Co., Ltd",5486.00,Y,6690.00,1.000,1.000,1.000
old-pulteney-single-malt-scotch-whisky-huddart-46%-70cl.,10507,OLD PULTENEY Single Malt Scotch Whisky HUDDART 46% 70cl.,เหล้านำเข้า,,N,,,,,,,2452.00,5010509881692,,,Y,,"Horeca Management Co., Ltd",2452.00,Y,2990.00,1.000,3.000,3.000
onson-fornrm-750ml.,10341,ONSON FORNRUM 750ML.,สุราชุมชน,,N,,,,,,,732.50,8857200672610,,,Y,,บริษัท ออนโซล แลบ แอนด์ ดิสทิลลารี่,732.50,Y,1190.00,4.000,2.000,2.000
onson-gintanakarn-750ml.,10101,ONSON GINTANAKARN 750ML.,สุราชุมชน,,N,,,,,,,1493.18,8857200672603,,,Y,,บริษัท ออนโซล แลบ แอนด์ ดิสทิลลารี่,1355.46,Y,1980.00,5.000,2.000,2.000
orashon-seong-india-pale-ipa,10528,ORASHON SEONG INDIA PALE IPA 330 ml,เบียร์คราฟท์,,N,,,,,,,175.00,JC10528,,,Y,,บริษัท กรุ๊ปบี จำกัด,175.00,Y,219.00,0.000,3.000,6.000
original-landbier-zwick'l-500ml,10514,Original Landbier Zwick'l 500ml,เบียร์คราฟท์,,N,,,,,,,145.00,40173207,,,Y,,บริษัท เมอรี่ ริช ด๊อก จำกัด,145.00,Y,200.00,1.000,3.000,6.000
patron-xo-cafe-coffee-75cl,10991,PATRON XO CAFE COFFEE 75cl,เหล้านำเข้า,,N,,,,,,,2405.11,721733000036,,,Y,,บริษัท อินดิเพนเด้นท์ ไวน์ แอนด์ สปิริต (ประเทศไทย) จำกัด,2405.11,Y,2690.00,2.000,2.000,2.000
pattaya-beach-beer-320ml,11036,Pattaya beach Beer 320ml,เบียร์คราฟท์,,N,,,,,,,40.17,8859753900400,,,Y,,บริษัท ตะวันแดง ดีซีเอ็ม จำกัด,40.17,Y,45.00,97.000,60.000,120.000
pattaya-beach-beer-490-ml,10016,Pattaya beach Beer 490 ml,เบียร์,,N,,,,,,,53.08,8859753900417,,,Y,,บริษัท ตะวันแดง ดีซีเอ็ม จำกัด,53.08,Y,60.00,116.000,24.000,48.000
pattron-silver-tequila-75cl,10990,PATTRON SILVER TEQUILA 75cl,เหล้านำเข้า,,N,,,,,,,2405.11,721733000029,,,Y,,บริษัท อินดิเพนเด้นท์ ไวน์ แอนด์ สปิริต (ประเทศไทย) จำกัด,2405.11,Y,2890.00,3.000,3.000,3.000
paulaner-muncher-hell,10740,Paulaner Muncher Hell 500 ml,เบียร์คราฟท์,,N,,,,,,,195.00,4066600611028,,,Y,,บริษัท เกรท ไวน์แอนด์สปิริต จำกัด,195.00,Y,220.00,19.000,10.000,20.000
paulaner-weissbier-500-ml,10753,Paulaner Weissbier 500 ml,เบียร์คราฟท์,,N,,,,,,,195.00,4066600611981,,,Y,,บริษัท เกรท ไวน์แอนด์สปิริต จำกัด,195.00,Y,220.00,8.000,10.000,20.000
paulaner-weissbier-dunkel-500ml,10547,Paulaner Weissbier Dunkel 500ml,เบียร์คราฟท์,,N,,,,,,,191.08,4066600941972,,,Y,,บริษัท เมอรี่ ริช ด๊อก จำกัด,191.08,Y,220.00,17.000,10.000,20.000
penfolds-bin-2-shiraz-mataro'22,10255,Penfolds Bin 2 Shiraz Mataro'22,ไวน์,,N,,,,,,,825.00,9310297042906,,,Y,,บริษัท อินดิเพนเด้นท์ ไวน์ แอนด์ สปิริต (ประเทศไทย) จำกัด,882.75,Y,999.00,6.000,1.000,2.000
penfolds-bin-389-cabernet-shiraz-2022,10343,Penfolds Bin 389 Cabernet Shiraz 2022,ไวน์,,N,,,,,,,2546.60,9310297042982,,,Y,,บริษัท อินดิเพนเด้นท์ ไวน์ แอนด์ สปิริต (ประเทศไทย) จำกัด,2546.60,Y,3499.00,2.000,2.000,2.000
penfolds-bin-8-shiraz-cabernet'23,10302,Penfolds Bin 8 Shiraz Cabernet'23,ไวน์,,N,,,,,,,1134.20,9310297651481,,,Y,,บริษัท อินดิเพนเด้นท์ ไวน์ แอนด์ สปิริต (ประเทศไทย) จำกัด,1134.20,Y,1399.00,3.000,2.000,2.000
penfolds-koonunga-hill-cabernet-sauvignon'23,10460,Penfolds Koonunga Hill Cabernet Sauvignon'24,ไวน์,,N,,,,,,,565.40,9310297018246,,,Y,,บริษัท อินดิเพนเด้นท์ ไวน์ แอนด์ สปิริต (ประเทศไทย) จำกัด,588.50,Y,699.00,5.000,3.000,3.000
penfolds-koonunga-hill-shiraz'23,10388,Penfolds Koonunga Hill Shiraz'23,ไวน์,,N,,,,,,,588.50,9310297018222,,,Y,,บริษัท อินดิเพนเด้นท์ ไวน์ แอนด์ สปิริต (ประเทศไทย) จำกัด,0.00,Y,699.00,3.000,3.000,3.000
penfolds-max's-cabernet-sauvignon19,10443,Penfolds Max's Cabernet Sauvignon19,ไวน์,,N,,,,,,,727.32,9310297009473,,,Y,,บริษัท อินดิเพนเด้นท์ ไวน์ แอนด์ สปิริต (ประเทศไทย) จำกัด,738.30,Y,949.00,5.000,2.000,4.000
penfolds-max's-chardonnay'24,10497,Penfolds Max's Chardonnay'24,ไวน์,,N,,,,,,,738.30,9310297010523,,,Y,,บริษัท อินดิเพนเด้นท์ ไวน์ แอนด์ สปิริต (ประเทศไทย) จำกัด,738.30,Y,949.00,2.000,2.000,2.000
penfolds-max's-shiraz-cabernet'21,10458,Penfolds Max's Shiraz Cabernet'21,ไวน์,,N,,,,,,,720.00,9310297009428,,,Y,,บริษัท อินดิเพนเด้นท์ ไวน์ แอนด์ สปิริต (ประเทศไทย) จำกัด,738.30,Y,949.00,3.000,2.000,2.000
penfolds-max's-shiraz'21,10451,Penfolds Max's Shiraz'21,ไวน์,,N,,,,,,,720.00,9310297009459,,,Y,,บริษัท อินดิเพนเด้นท์ ไวน์ แอนด์ สปิริต (ประเทศไทย) จำกัด,738.30,Y,949.00,3.000,4.000,4.000
peninsula-330ml,10995,Peninsula 330ml,สุราชุมชน,,N,,,,,,,300.00,JC10995,,,Y,,วสช.ปักใต้ (spirit of Songkhla),300.00,Y,390.00,2.000,2.000,2.000
pheebok---away-gee,10276,PHEEBOK   Away Gee 490 ml,เบียร์คราฟท์,,N,,,,,,,189.00,8855796036809,,,Y,,บริษัท กรุ๊ปบี จำกัด,189.00,Y,280.00,8.000,3.000,9.000
pheebok--sawasdee-ipa,10264,PHEEBOK  Sawasdee IPA 490 ml,เบียร์คราฟท์,,N,,,,,,,149.00,8855796022253,,,Y,,บริษัท กรุ๊ปบี จำกัด,149.00,Y,190.00,7.000,5.000,9.000
pheebok-beer-thai-craft-lager,10568,Pheebok Beer Thai Craft Lager 490 ml,เบียร์คราฟท์,,N,,,,,,,99.00,8855796040240,,,Y,,บริษัท กรุ๊ปบี จำกัด,99.00,Y,125.00,9.000,3.000,6.000
pheebok-khunprachuay-490ml,10187,Pheebok Khunprachuay 490ml,เบียร์คราฟท์,,N,,,,,,,199.00,8855796039220,,,Y,,บริษัท กรุ๊ปบี จำกัด,199.00,Y,250.00,1.000,3.000,6.000
pheebok-thon-west-coast-plisner,10733,Pheebok Thon West Coast Plisner 330 ml,เบียร์คราฟท์,,N,,,,,,,165.00,JC10733,,,Y,,บริษัท กรุ๊ปบี จำกัด,165.00,Y,229.00,4.000,6.000,6.000
pheebok-wit-sayong,10143,PHEEBOK Wit Sayong 490 ml,เบียร์คราฟท์,,N,,,,,,,130.00,8855796022956,,,Y,,บริษัท กรุ๊ปบี จำกัด,130.00,Y,170.00,2.000,3.000,9.000
phraya-40%-700-ml-elements-8-years,10416,Phraya 40% 700 ml Elements 8 Years,สุรา,,N,,,,,,,1435.00,8851707000563,,,Y,,"Horeca Management Co., Ltd.",1435.00,Y,1750.00,1.000,3.000,3.000
phraya-rum-40%700-ml,10411,Phraya Rum 40%700 ml,สุรา,,N,,,,,,,2050.00,8851707000501,,,Y,,"Horeca Management Co., Ltd",2050.00,Y,2500.00,1.000,3.000,3.000
phraya-rum-40%700-ml-(element),10415,Phraya Rum 40%700 ml (Element),สุรา,,N,,,,,,,812.00,8851707000532,,,Y,,"Horeca Management Co., Ltd",812.00,Y,990.00,4.000,6.000,6.000
piccanti-vino-bianco-d'italia-chardonnay-75cl.,10358,PICCANTI VINO BIANCO D'ITALIA CHARDONNAY 75CL.,ไวน์,,N,,,,,,,350.89,8002793026320,,,Y,,บริษัท ทัช คอมเมอร์เชียล โฮลดิ้ง จำกัด,0.00,Y,399.00,13.000,3.000,6.000
piccanti-vino-rosso-d'italia-cabernet-75cl.,10394,PICCANTI VINO ROSSO D'ITALIA CABERNET 750 ml.,ไวน์,,N,,,,,,,351.26,8002793026351,,,Y,,บริษัท ทัช คอมเมอร์เชียล โฮลดิ้ง จำกัด,0.00,Y,399.00,10.000,3.000,6.000
piccanti-vino-rosso-d'italia-merot-75cl.,10393,PICCANTI VINO ROSSO D'ITALIA MERLOT 750 ml.,ไวน์,,N,,,,,,,350.90,8002793026368,,,Y,,บริษัท ทัช คอมเมอร์เชียล โฮลดิ้ง จำกัด,0.00,Y,399.00,8.000,3.000,6.000
portento-merlot-750ml.,10789,Portento Merlot 750ml.,ไวน์,,N,,,,,,,636.65,8437003605031,,,Y,,บริษัท เกรท ไวน์แอนด์สปิริต จำกัด,636.65,Y,790.00,3.000,3.000,3.000
portento-sauvgnon-blanc-750ml.,10842,Portento Sauvgnon blanc 750ml.,ไวน์,,N,,,,,,,609.37,8437003605086,,,Y,,บริษัท เกรท ไวน์แอนด์สปิริต จำกัด,609.37,Y,790.00,3.000,3.000,3.000
portento-syrah-750ml.,10790,Portento Syrah 750ml.,ไวน์,,N,,,,,,,636.65,8437003605024,,,Y,,บริษัท เกรท ไวน์แอนด์สปิริต จำกัด,636.65,Y,790.00,3.000,6.000,6.000
portento-tempranillo-750ml.,10794,Portento Tempranillo 750ml.,ไวน์,,N,,,,,,,545.70,8437003605017,,,Y,,บริษัท เกรท ไวน์แอนด์สปิริต จำกัด,545.70,Y,790.00,5.000,6.000,6.000
prakaan-double-cask-43%-700-ml,10327,PRAKAAN Double Cask 43% 700 ml,สุรา,,N,,,,,,,2337.00,8855155002032,,,Y,,"Horeca Management Co., Ltd",2337.00,Y,2850.00,1.000,3.000,3.000
prakaan-double-cask-43%-700-ml-s.pack(red),10410,PRAKAAN Double Cask 43% 700 ml S.Pack(RED),สุรา,,N,,,,,,,2533.00,8855155002049,,,Y,,"Horeca Management Co., Ltd.",2533.00,Y,3089.00,1.000,3.000,3.000
prakaan-peated-malt-43%-700-ml,10315,PRAKAAN Peated Malt 43% 700 ml,สุรา,,N,,,,,,,2050.00,8855155002025,,,Y,,"Horeca Management Co., Ltd",2050.00,Y,2500.00,1.000,3.000,3.000
prakaan-select-cask-43%-700-ml,10314,PRAKAAN Select Cask 43% 700 ml,สุรา,,N,,,,,,,1845.00,8855155002018,,,Y,,"Horeca Management Co., Ltd.",1845.00,Y,2250.00,2.000,2.000,2.000
premiun-onson-coconut-flower750ml.,10133,PREMIUM ONSON COCONUT FLOWER750ML.,สุราชุมชน,,N,,,,,,,1322.23,8857124198531,,,Y,,บริษัท ออนโซล แลบ แอนด์ ดิสทิลลารี่,1322.23,Y,1890.00,4.000,6.000,6.000
premium-pinot-noir-750ml,10948,Premium PINOT NOIR 750ML,ไวน์,,N,,,,,,,500.00,JC10948,,,Y,,บริษัท ทองคำ เอสเตท จำกัด,,Y,699.00,5.000,5.000,
quality-house-bourbon-whiskey-1l.,10861,Quality House Bourbon Whiskey 1L.,เหล้านำเข้า,,N,,,,,,,886.76,096749011223,,,Y,,บริษัท ไวน์ แอนด์ สปิริท ดิสทริบิวชั่น จำกัด,886.76,Y,1199.00,4.000,6.000,6.000
quality-house-bourbon-whiskey-750ml.,10860,Quality House Bourbon Whiskey 750ML.,เหล้านำเข้า,,N,,,,,,,725.78,096749011322,,,Y,,บริษัท ไวน์ แอนด์ สปิริท ดิสทริบิวชั่น จำกัด,725.78,Y,999.00,5.000,6.000,6.000
ramasun-hazy-pale-ale,10212,Ramasun Hazy pale ale 490 ml,เบียร์คราฟท์,,N,,,,,,,169.00,8855796039442,,,Y,,บริษัท กรุ๊ปบี จำกัด,169.00,Y,229.00,3.000,3.000,6.000
rawson's-retreat-cabernet-sanvignon'23,10640,Rawson's Retreat Cabernet Sanvignon'23,ไวน์,,N,,,,,,,400.00,9310297005307,,,Y,,บริษัท อินดิเพนเด้นท์ ไวน์ แอนด์ สปิริต (ประเทศไทย) จำกัด,428.00,Y,599.00,3.000,3.000,3.000
rawson's-retreat-merlot'23,10618,Rawson's Retreat Merlot'23,ไวน์,,N,,,,,,,428.00,9310297005147,,,Y,,บริษัท อินดิเพนเด้นท์ ไวน์ แอนด์ สปิริต (ประเทศไทย) จำกัด,428.00,Y,599.00,6.000,1.000,3.000
rayong-craft-spirits(น้ำตาลดอกมะพร้าว.สับปะรด.น้ำตาลโตนด),10404,RAYONG CRAFT Spirits(น้ำตาลดอกมะพร้าว.สับปะรด.น้ำตาลโตนด),สุราชุมชน,,N,,,,,,,565.00,JC10404,,,Y,,บริษัท ระยองพรีเมียมคราฟต์ สปิริตส์ จำกัด,565.00,Y,790.00,4.000,6.000,12.000
rayong-craft-spirits(น้ำตาลดอกมะพร้าว),10369,RAYONG CRAFT Spirits(น้ำตาลดอกมะพร้าว),สุราชุมชน,,N,,,,,,,565.00,JC10369,,,Y,,บริษัท ระยองพรีเมียมคราฟต์ สปิริตส์ จำกัด,565.00,Y,790.00,3.000,6.000,12.000
rmps-vint-bourbon-cabernet-750ml,10579,RMPS VINT BOURBON CABERNET 750ML,ไวน์,,N,,,,,,,1018.64,086003780217,,,Y,,บริษัท แอมโบรส ไวน์ จำกัด,1018.64,Y,1199.00,0.000,6.000,12.000
rmps-vint-rum-merlot-750ml,10614,RMPS VINT RUM MERLOT 750ML,ไวน์,,N,,,,,,,1018.64,086003780316,,,Y,,บริษัท แอมโบรส ไวน์ จำกัด,1018.64,Y,1199.00,7.000,6.000,12.000
rmps-vint-rye-red-blend-750-ml,10944,RMPS VINT RYE RED BLEND 750 ML,ไวน์,,N,,,,,,,1018.64,086003780323,,,Y,,บริษัท แอมโบรส ไวน์ จำกัด,1018.64,Y,1199.00,9.000,6.000,12.000
rmps.-vint-red-blend-750ml,10963,RMPS. VINT RED BLEND 750ML,ไวน์,,N,,,,,,,750.36,086003904064,,,Y,,บริษัท แอมโบรส ไวน์ จำกัด,791.80,Y,989.00,14.000,3.000,6.000
rmps.vint-cabernet-750-ml,10957,RMPS.VINT CABERNET 750 ml,ไวน์,,N,,,,,,,798.47,086003061910,,,Y,,บริษัท แอมโบรส ไวน์ จำกัด,798.47,Y,989.00,9.000,3.000,3.000
rmps.vint-merlot-750-ml,10958,RMPS.VINT MERLOT 750 ml,ไวน์,,N,,,,,,,791.02,086003000421,,,Y,,บริษัท แอมโบรส ไวน์ จำกัด,791.80,Y,989.00,14.000,3.000,3.000
rmps.vint-pinot-noir-750-ml,10956,RMPS.VINT PINOT NOIR 750 ml,ไวน์,,N,,,,,,,791.80,086003091931,,,Y,,บริษัท แอมโบรส ไวน์ จำกัด,791.80,Y,989.00,4.000,6.000,6.000
robert-mondavi-napa-cabernet'21-750-ml,10412,Robert Mondavi Napa Cabernet'21 750 ml,ไวน์,,N,,,,,,,1737.86,086003051843,,,Y,,บริษัท แอมโบรส ไวน์ จำกัด,1789.40,Y,2099.00,17.000,3.000,6.000
robert-mondavi-napa-red-blend-750-ml,10425,Robert Mondavi Napa Red Blend 750 ml,ไวน์,,N,,,,,,,1688.60,083085221416,,,Y,,บริษัท แอมโบรส ไวน์ จำกัด,1789.40,Y,2099.00,17.000,3.000,3.000
rogue-dead-guy-pilsner-5.0%-355ml.,10628,Rogue Dead Guy Pilsner 5.0% 355ml.,เบียร์คราฟท์,,N,,,,,,,139.00,876529002555,,,Y,,"BEERVANA (THAILAND) CO., LTD.",139.00,Y,180.00,4.000,6.000,6.000
rogue-dreamland-5.0%-355ml.,10630,Rogue Dreamland 5.0% 355ml.,เบียร์คราฟท์,,N,,,,,,,150.00,876529000001,,,Y,,"BEERVANA (THAILAND) CO., LTD.",150.00,Y,195.00,1.000,3.000,6.000
rogue-honey-kolsch-5.0%-355ml.,10629,Rogue Honey kolsch 5.0% 355ml.,เบียร์คราฟท์,,N,,,,,,,150.00,876529000117,,,Y,,"BEERVANA (THAILAND) CO., LTD.",150.00,Y,195.00,0.000,3.000,6.000
royal-carlston-whiskey-700ml.,10856,Royal Carlston Whiskey 700ML.,เหล้านำเข้า,,N,,,,,,,321.96,8854116000117,,,Y,,บริษัท ไวน์ แอนด์ สปิริท ดิสทริบิวชั่น จำกัด,321.96,Y,399.00,0.000,6.000,12.000
rurnours-dry-red-75-cl.,10781,Rurnours Dry Red 750 ml.,ไวน์,,N,,,,,,,260.00,9313748032235,,,Y,,บริษัท ทัช คอมเมอร์เชียล โฮลดิ้ง จำกัด,260.00,Y,299.00,9.000,3.000,6.000
rurnours-dry-white-75-cl.,10782,Rurnours Dry White 750 ml.,ไวน์,,N,,,,,,,260.00,9313748032242,,,Y,,บริษัท ทัช คอมเมอร์เชียล โฮลดิ้ง จำกัด,260.00,Y,299.00,13.000,3.000,6.000
สบาย-สบ๊าย-700ml,10041,Sabye-Sbai ShoChu 28%Alc Classic Bottle 700 ml,สุราชุมชน,,N,,,,,,,308.33,JC10041,,,Y,,สบายสบ๊าย,308.33,Y,399.00,0.000,6.000,12.000
sabye-sbai-shochu-28%alc-premium-bottle,10371,Sabye-Sbai ShoChu 28%Alc Premium Bottle 750 ml,สุราชุมชน,,N,,,,,,,428.33,JC10371,,,Y,,สบายสบ๊าย,428.33,Y,549.00,8.000,6.000,12.000
saku-origi-white-spirit-330ml,10524,SAKU Origi white spirit 330ml,สุราชุมชน,,N,,,,,,,203.33,JC10524,,,Y,,บริษัท วอดก้าเขาใหญ่(ประเทศไทย) จำกัด,203.33,Y,299.00,0.000,6.000,12.000
sandport-broken-sword,10734,Sandport Broken Sword 330 ml,เบียร์คราฟท์,,N,,,,,,,175.00,JC10734,,,Y,,บริษัท กรุ๊ปบี จำกัด,175.00,Y,240.00,3.000,3.000,6.000
sandport-samakkee-lager,10384,Sandport Samakkee Lager 490 ml,เบียร์คราฟท์,,N,,,,,,,119.00,8855796039534,,,Y,,บริษัท กรุ๊ปบี จำกัด,119.00,Y,160.00,3.000,3.000,6.000
สังเวียน-700-ml,10278,SANGVEIN สังเวียน 700 ml,สุราชุมชน,,N,,,,,,,509.00,8858802499698,,,Y,,บริษัท กรุ๊ปบี จำกัด,0.00,Y,690.00,8.000,6.000,12.000
สละโสด-330ml,10501,Sarasod สละโสด 330ml,เบียร์คราฟท์,,N,,,,,,,123.89,8857129201014,,,Y,,สละโสดเบียร์,123.89,Y,155.00,0.000,12.000,24.000
set-happy-birthday-(3-ขวด),10893,Set Happy birthday (3 ขวด),เบียร์คราฟท์,,N,,,,,,,0.00,JC10893,,,N,,,,Y,399.00,,,
set-linedemans-1,10889,Set Lindemans A,เบียร์คราฟท์,,N,,,,,,,,JC10889,10307,1.000,N,N,,,Y,599.00,,,
,,,,,,,,,,,,,,10308,1.000,,,,,,,,,
,,,,,,,,,,,,,,10503,1.000,,,,,,,,,
set-lindemans-b,10890,Set Lindemans B,เบียร์คราฟท์,,N,,,,,,,,JC10890,10307,1.000,N,N,,,Y,599.00,,,
,,,,,,,,,,,,,,10308,1.000,,,,,,,,,
,,,,,,,,,,,,,,10503,1.000,,,,,,,,,
set-lindemans-c,10891,Set Lindemans C,เบียร์คราฟท์,,N,,,,,,,,JC10891,10307,1.000,N,N,,,Y,599.00,,,
,,,,,,,,,,,,,,10308,2.000,,,,,,,,,
,,,,,,,,,,,,,,10503,1.000,,,,,,,,,
set-lindemans-d,10892,Set Lindemans D,เบียร์คราฟท์,,N,,,,,,,,JC10892,10305,1.000,N,N,,,Y,599.00,,,
,,,,,,,,,,,,,,10307,1.000,,,,,,,,,
,,,,,,,,,,,,,,10308,2.000,,,,,,,,,
set-peninsula,10999,Set Peninsula,สุราชุมชน,,N,,,,,,,,JC10999,10995,2.000,N,N,,,Y,790.00,,,
set-the-spirit-of-chairaphum-330-ml.,10863,Set the spirit of chaiyaphum 330 ml.,สุราชุมชน,,N,,,,,,,900.00,JC10863,,,Y,,หจก เดอะ สปริต ออฟ ชัยภูมิ ดิซทีลเลอรี่,900.00,Y,1190.00,0.000,5.000,10.000
twi-pack,10931,Set Twin pack (Nakin & Anong 330 ml),สุราชุมชน,,N,,,,,,,767.50,JC10931,,,Y,,นาคินทร์ เบฟเวอเรจ (สำนักงานใหญ่),823.00,Y,999.00,11.000,5.000,10.000
set-ข้าวหอมชัยภูมิ-330ml.,10772,set ข้าวหอมชัยภูมิ 330ML.,สุราชุมชน,,N,,,,,,,,JC10772,10280,1.000,N,N,,,Y,540.00,,,
,,,,,,,,,,,,,,10771,1.000,,,,,,,,,
set-อ้อยอิ่ง-1,11002,Set จินตะหลา 330ml,สุราชุมชน,,N,,,,,,,,JC11002,10998,2.000,N,N,,,Y,1090.00,,,
set-ช้างแกลบ,10173,Set ช้างแกลบ,สุราชุมชน,,N,,,,,,,,jc10173,10994,2.000,N,N,,,Y,790.00,,,
set-ซอดแจ้ง,10864,set ซอดแจ้ง,สุราชุมชน,,N,,,,,,,1085.40,JC10864,,,Y,,บริษัท ดริ้งก์ไว๊ซ์ จำกัด,1085.40,Y,1599.00,0.000,4.000,6.000
set-นางเรียม,11000,Set นางเรียม,สุราชุมชน,,N,,,,,,,,JC11000,10996,2.000,N,N,,,Y,590.00,,,
set-พิคมีซาวครีม-แอนด์-ออเนี่ยน-&-แรนซ์-1แถม1,10801,SET พิคมีซาวครีม แอนด์ ออเนี่ยน & แรนซ์ 1แถม1,ลดราคา,,N,,,,,,,0.00,JC10801,,,N,,,,Y,35.00,,,
set-พิคมีพิซซ่า-&-เชดด้าชีส-1แถม1,10799,SET พิคมีพิซซ่า & เชดด้าชีส 1แถม1,ลดราคา,,N,,,,,,,0.00,JC10799,,,N,,,,Y,35.00,,,
set-พิคมีออริจินัล-&-แรนซ์-1แถม1,10802,SET พิคมีออริจินัล & แรนซ์ 1แถม1,ลดราคา,,N,,,,,,,0.00,JC10802,,,N,,,,Y,35.00,,,
set-สุราข้าวหอมชัยภูมิ,10248,SET สุราข้าวหอมชัยภูมิ 700ml,สุราชุมชน,,N,,,,,,,,JC10248,10279,1.000,N,N,,,Y,890.00,,,
,,,,,,,,,,,,,,10661,1.000,,,,,,,,,
set-อ้อยอิ่ง,11001,Set อ้อยอิ่ง,สุราชุมชน,,N,,,,,,,,JC11001,10997,2.000,N,N,,,Y,590.00,,,
แก้ว-craftmhan-tumbler-565-ml,10868,Set แก้ว CRAFTMHAN TUMBLER 565 ml (2 ใบ),ของที่ระลึก,,N,,,,,,,131.00,JC10868,,,Y,,บริษัท โอเชียนกลาส จํากัด,131.00,Y,199.00,21.000,36.000,72.000
แก้ว-munich-beer-mug-355-ml,10870,Set แก้ว MUNICH BEER MUG 355 ml (แก้ว 2 ใบ),ของที่ระลึก,,N,,,,,,,134.00,JC10870,,,Y,,บริษัท โอเชียนกลาส จํากัด,134.00,Y,249.00,50.000,36.000,72.000
แก้ว-solo-shot-60-ml,10869,Set แก้ว SOLO SHOT 60 ml (แก้ว 4),ของที่ระลึก,,N,,,,,,,108.50,JC10869,,,Y,,บริษัท โอเชียนกลาส จํากัด,108.50,Y,199.00,17.000,18.000,36.000
setพิคมีพิซซ่า&แรนซ์-1แถม1,10800,SETพิคมีพิซซ่า&แรนซ์ 1แถม1,ลดราคา,,N,,,,,,,0.00,JC10800,,,N,,,,Y,35.00,,,
shady-spot-sakura-pale-ale-can-330ml,10505,Shady Spot Sakura Pale Ale Can 330ml,เบียร์คราฟท์,,N,,,,,,,138.71,8936212570104,,,Y,,บริษัท เมอรี่ ริช ด๊อก จำกัด,138.71,Y,170.00,2.000,3.000,6.000
shan,10405,SHAN 700 ml,สุราชุมชน,,N,,,,,,,566.00,JC10405,,,Y,,,566.00,Y,849.00,3.000,3.000,6.000
si-cha-pilsner,10471,SI CHA PILSNER 330 ml,เบียร์คราฟท์,,N,,,,,,,137.00,8859695700397,,,Y,,บริษัท เบียร์ทีค จำกัด,137.00,Y,190.00,4.000,6.000,6.000
siam-gin-rum-45%-330ml.,10483,SIAM GIN 45% 330ml.,สุราชุมชน,,N,,,,,,,270.00,8859515900877,,,Y,,บริษัท ซีซีเอ็ม แบรนด์ จำกัด,270.00,Y,299.00,0.000,0.000,5.000
siam-gin-rum-45%-750ml.,10682,SIAM GIN 45% 750ml.,สุราชุมชน,,N,,,,,,,649.00,8859515900808,,,Y,,บริษัท ซีซีเอ็ม แบรนด์ จำกัด,649.00,Y,999.00,6.000,3.000,6.000
siamese-cat-hazy-pale-ale,10624,SIAMESE CAT HAZY PALE ALE 330 ml,เบียร์คราฟท์,,N,,,,,,,175.00,JC10624,,,Y,,บริษัท กรุ๊ปบี จำกัด,175.00,Y,240.00,0.000,3.000,6.000
sisaket-brewery-taisiket-witbier,10959,Sisaket Brewery Taisiket Witbier,เบียร์คราฟท์,,N,,,,,,,145.00,8855796043326,,,Y,,บริษัท กรุ๊ปบี จำกัด,145.00,Y,189.00,0.000,6.000,12.000
sod-chaeng--jin-dong-natham-ซอดแจ้ง-จินดอกไม้ป่า-ดงนาทาม--750-ml,10165,Sod Chaeng  Jin Dong Natham ซอดแจ้ง จินดอกไม้ป่า ดงนาทาม  750 ml,สุราชุมชน,,N,,,,,,,829.24,8859352300151,,,Y,,บริษัท ดริ้งก์ไว๊ซ์ จำกัด,829.24,Y,1290.00,7.000,3.000,6.000
ซอดแจ้ง-ram,10297,Sod Chaeng Coconut Rum ซอดแจ้ง รัมมะพร้าว 750ml,สุราชุมชน,,N,,,,,,,588.84,8859352300090,,,Y,,บริษัท ดริ้งก์ไว๊ซ์ จำกัด,588.84,Y,790.00,5.000,6.000,6.000
ซอดแจ้ง-gin,10296,Sod Chaeng Gin ซอดแจ้งจิน 750 ml,สุราชุมชน,,N,,,,,,,835.99,8859352300076,,,Y,,บริษัท ดริ้งก์ไว๊ซ์ จำกัด,835.99,Y,1290.00,9.000,3.000,6.000
แก้วซอดแจ้ง,10603,Sod Chaeng Glass แก้วซอดแจ้ง,ของที่ระลึก,,N,,,,,,,81.50,JC10603,,,Y,,บริษัท ดริ้งก์ไว๊ซ์ จำกัด,81.50,Y,159.00,21.000,6.000,12.000
ซอดแจ้ง-รัมมะพร้าว,10298,Sod Chaeng Rum ซอดแจ้งรัม 750 ml,สุราชุมชน,,N,,,,,,,537.30,8859352300083,,,Y,,บริษัท ดริ้งก์ไว๊ซ์ จำกัด,537.30,Y,790.00,7.000,6.000,6.000
sora-umeshu-original-15%-750ml,10668,SORA UMESHU ORIGINAL 15% 750ml,สุรา,,N,,,,,,,219.21,8855796015071,,,Y,,หจก. จิระตั้งเจริญ,219.21,Y,289.00,0.000,3.000,6.000
spacecraft-discovery-american-wheat,10108,Spacecraft Discovery American Wheat 330 ml,เบียร์คราฟท์,,N,,,,,,,128.00,8857127664156,,,Y,,บริษัท กรุ๊ปบี จำกัด,128.00,Y,190.00,2.000,3.000,9.000
spacecraft-formular100,10079,Spacecraft Formular100 330 ml,เบียร์คราฟท์,,N,,,,,,,155.00,8857200257176,,,Y,,บริษัท กรุ๊ปบี จำกัด,155.00,Y,240.00,4.000,9.000,9.000
spacecraft-freedom-hazy-ipa,10470,Spacecraft Freedom Hazy IPA  330 ml,เบียร์คราฟท์,,N,,,,,,,179.00,8857127664255,,,Y,,บริษัท กรุ๊ปบี จำกัด,179.00,Y,250.00,4.000,6.000,6.000
spacecraft-spaceline-weissbier,10469,Spacecraft Spaceline Weissbier  330 ml,เบียร์คราฟท์,,N,,,,,,,139.00,8857127664231,,,Y,,บริษัท กรุ๊ปบี จำกัด,139.00,Y,190.00,0.000,3.000,6.000
spacecraft-starship,10081,Spacecraft Starship  330 ml,เบียร์คราฟท์,,N,,,,,,,155.00,8857127664200,,,Y,,บริษัท กรุ๊ปบี จำกัด,155.00,Y,240.00,17.000,3.000,9.000
spaceecraft-event-horizon-stout,10468,Spaceecraft Event Horizon Stout  330 ml,เบียร์คราฟท์,,N,,,,,,,129.00,8857127664132,,,Y,,บริษัท กรุ๊ปบี จำกัด,129.00,Y,180.00,2.000,3.000,6.000
spy-classic,10251,SPY CLASSIC 275 ml,เบียร์,,N,,,,,,,27.08,8850382130008,,,Y,,บริษัท โดโด้ ลิเคอร์ สโตร์ จำกัด,27.08,Y,35.00,10.000,,
spy-red,10250,SPY RED 275 ml,เบียร์,,N,,,,,,,27.08,8850382330002,,,Y,,บริษัท โดโด้ ลิเคอร์ สโตร์ จำกัด,27.08,Y,35.00,40.000,,
st.bernardus-abt12-330ml.,10660,St.Bernardus Abt12 330ml.,เบียร์คราฟท์,,N,,,,,,,145.00,54079021,,,Y,,บริษัท เมอรี่ ริช ด๊อก จำกัด,145.00,Y,200.00,4.000,6.000,6.000
st.bernardus-tripel-330ml.,10659,St.Bernardus Tripel 330ml.,เบียร์คราฟท์,,N,,,,,,,135.00,54079038,,,Y,,บริษัท เมอรี่ ริช ด๊อก จำกัด,135.00,Y,190.00,3.000,3.000,6.000
st.bernardus-wit-330ml.,10658,St.Bernardus Wit 330ml.,เบียร์คราฟท์,,N,,,,,,,130.00,54079052,,,Y,,บริษัท เมอรี่ ริช ด๊อก จำกัด,130.00,Y,180.00,3.000,6.000,6.000
stone-brewing-imperial-stout,10270,Stone Brewing Imperial Stout 355 ml,เบียร์คราฟท์,,N,,,,,,,224.00,636251908286,,,Y,,บริษัท เบียร์ทีค จำกัด,224.00,Y,310.00,2.000,6.000,6.000
stormtrooper-galactic-pale-ale,10184,Stormtrooper Galactic Pale Ale 330 ml,เบียร์คราฟท์,,N,,,,,,,158.87,5060435600966,,,Y,,บริษัท เมอรี่ ริช ด๊อก จำกัด,158.87,Y,209.00,6.000,6.000,6.000
stormtrooper-light2peed-pilsner,10045,Stormtrooper Light2peed Pilsner 330 ml,เบียร์คราฟท์,,N,,,,,,,165.83,5060435600973,,,Y,,บริษัท เมอรี่ ริช ด๊อก จำกัด,165.83,Y,209.00,6.000,6.000,6.000
stormtrooper-s.n.i.p.a,10182,Stormtrooper S.N.I.P.A 330 ml,เบียร์คราฟท์,,N,,,,,,,159.30,5060435600980,,,Y,,บริษัท เมอรี่ ริช ด๊อก จำกัด,159.30,Y,209.00,4.000,6.000,6.000
stormtrooper-shadow-stout,10181,Stormtrooper Shadow Stout 330 ml,เบียร์คราฟท์,,N,,,,,,,182.97,5060435601093,,,Y,,บริษัท เมอรี่ ริช ด๊อก จำกัด,182.97,Y,230.00,4.000,6.000,6.000
stormtrooper-space-hopern,10183,Stormtrooper space Hopern 330 ml,เบียร์คราฟท์,,N,,,,,,,180.08,5065008919018,,,Y,,บริษัท เมอรี่ ริช ด๊อก จำกัด,180.08,Y,230.00,9.000,3.000,6.000
sud-siam-white-ipa,10290,Sud Siam White IPA  330 ml,เบียร์คราฟท์,,N,,,,,,,139.00,8857128015995,,,Y,,บริษัท กรุ๊ปบี จำกัด,139.00,Y,190.00,3.000,3.000,9.000
surin-330ml,10356,SURIN 330ml,สุราชุมชน,,N,,,,,,,240.00,8859404950334,,,Y,,บริษัท สุรินทร์ โอทอป อินเตอร์เทรดเดอร์ จำกัด,240.00,Y,349.00,14.000,10.000,20.000
surin-750ml,10452,SURIN 750ml,สุราชุมชน,,N,,,,,,,490.00,JC10452,,,Y,,บริษัท สุรินทร์ โอทอป อินเตอร์เทรดเดอร์ จำกัด,490.00,Y,690.00,10.000,4.000,8.000
tamanohikari-junmai-ginjo-shuraku-sake-30-cl,10346,Tamanohikari Junmai Ginjo Shuraku Sake 30 CL,เหล้านำเข้า,,N,,,,,,,192.60,4907005003868,,,Y,,บริษัท อินดิเพนเด้นท์ ไวน์ แอนด์ สปิริต (ประเทศไทย) จำกัด,192.60,Y,219.00,2.000,3.000,3.000
tamanohikari-junmai-ginjo-shuraku-sake-72-cl,10400,Tamanohikari Junmai Ginjo Shuraku Sake 72 CL,เหล้านำเข้า,,N,,,,,,,363.80,4907005003622,,,Y,,บริษัท อินดิเพนเด้นท์ ไวน์ แอนด์ สปิริต (ประเทศไทย) จำกัด,363.80,Y,459.00,1.000,1.000,2.000
tanode-classic-750-ml,10545,tanode Classic 750 ML,สุราชุมชน,,N,,,,,,,435.00,JC10545,,,Y,,tanode handcraft spirit,435.00,Y,590.00,9.000,6.000,12.000
taopiphop-dangla-rye-ipa,10735,Taopiphop Dangla RYE IPA  330 ml,เบียร์คราฟท์,,N,,,,,,,175.00,JC10735,,,Y,,บริษัท กรุ๊ปบี จำกัด,175.00,Y,240.00,3.000,3.000,6.000
taopiphop-klongsan-pale-ale,10376,Taopiphop Klongsan Pale Ale 490 ml,เบียร์คราฟท์,,N,,,,,,,129.00,88557796039343,,,Y,,บริษัท กรุ๊ปบี จำกัด,129.00,Y,175.00,0.000,3.000,6.000
tapper-490-ml.,10867,Tapper 490 ml.,เบียร์,,N,,,,,,,48.75,8851994325653,,,Y,,บริษัท แคชแวน แมนเนจเม้นท์ จำกัด,48.75,Y,56.00,14.000,12.000,24.000
tarantula-azul,10459,Tarantula Azul,เหล้านำเข้า,,N,,,,,,,845.30,,,,Y,,บริษัท อินดิเพนเด้นท์ ไวน์ แอนด์ สปิริต (ประเทศไทย) จำกัด,845.30,Y,990.00,2.000,3.000,3.000
tarapaca-gran-res.-150th-anniv.750ml,10768,TARAPACA GRAN RES. 150th ANNIV.750ml,ไวน์,,N,,,,,,,945.00,7804340103451,,,Y,,บริษัท แอมโบรส ไวน์ จำกัด,945.00,Y,1190.00,3.000,3.000,3.000
tchibo-gold-selection-coffee-200-g-gigt-set-2026,10936,TCHIBO GOLD SELECTION COFFEE 200-G GIGT SET 2026,กาแฟ,,N,,,,,,,438.70,8858663180186,,,Y,,บริษัท พิริยพูล อินเตอร์เนชั่นแนล จำกัด,438.70,Y,549.00,12.000,6.000,12.000
teeling-small-batch-irish-whiskey-alc-46%-70cl,10442,Teeling Small Batch Irish Whiskey ALC 46% 70CL,เหล้านำเข้า,,N,,,,,,,1337.50,5391523270021,,,Y,,บริษัท อินดิเพนเด้นท์ ไวน์ แอนด์ สปิริต (ประเทศไทย) จำกัด,1337.50,Y,1540.00,2.000,3.000,3.000
tenjaku-whisky-70cl,10494,Tenjaku Whisky 70CL,เหล้านำเข้า,,N,,,,,,,743.65,4582410703284,,,Y,,บริษัท อินดิเพนเด้นท์ ไวน์ แอนด์ สปิริต (ประเทศไทย) จำกัด,743.65,Y,845.00,2.000,3.000,3.000
teouila-rose-700ml,10401,Teouila Rose 700ml,เหล้านำเข้า,,N,,,,,,,813.20,0085592140358,,,Y,,บริษัท อินดิเพนเด้นท์ ไวน์ แอนด์ สปิริต (ประเทศไทย) จำกัด,813.20,Y,variable,6.000,3.000,6.000
tequila-rose-strawberry-(70-cl)-1,10428,Tequila Rose Strawberry (70 CL),เหล้านำเข้า,,N,,,,,,,813.20,0085592140358,,,Y,,บริษัท อินดิเพนเด้นท์ ไวน์ แอนด์ สปิริต (ประเทศไทย) จำกัด,813.20,Y,990.00,6.000,6.000,6.000
tequila-rose-strawberry-(70-cl),10446,Tequila Rose Strawberry (75 CL),เหล้านำเข้า,,N,,,,,,,813.20,0085592140358,,,Y,,บริษัท อินดิเพนเด้นท์ ไวน์ แอนด์ สปิริต (ประเทศไทย) จำกัด,813.20,Y,1190.00,1.000,1.000,2.000
the-brewing-project-helles-lagercrispy-boy,10130,THE BREWING PROJECT HELLES LAGERCRISPY BOY 490 ml,เบียร์คราฟท์,,N,,,,,,,109.00,8855796036502,,,Y,,"BEERVANA (THAILAND) CO., LTD.",109.00,Y,170.00,0.000,3.000,9.000
the-brewing-project-raven-india-pala-ale,10319,The Brewing Project Raven India Pala Ale 490 ml,เบียร์คราฟท์,,N,,,,,,,169.00,8855796036144,,,Y,,"BEERVANA (THAILAND) CO., LTD.",169.00,Y,220.00,0.000,3.000,9.000
the-brewing-project-whale-pala-ale,10318,The Brewing Project Whale Pala Ale 490 ml,เบียร์คราฟท์,,N,,,,,,,149.00,8855796036137,,,Y,,"BEERVANA (THAILAND) CO., LTD.",149.00,Y,210.00,4.000,9.000,9.000
the-brewing-project-wila-weizen,10141,THE BREWING PROJECT WILA WEIZEN 490 ml,เบียร์คราฟท์,,N,,,,,,,139.00,8855796036601,,,Y,,"BEERVANA (THAILAND) CO., LTD.",139.00,Y,210.00,0.000,3.000,9.000
the-cardrona-single-malt-whisky-the-falcon-52%-70cl.,10581,The CARDRONA Single Malt Whisky The FALCON 52% 70cl.,เหล้านำเข้า,,N,,,,,,,9184.00,,,,Y,,"Horeca Management Co., Ltd",9184.00,Y,11200.00,0.000,,
the-choya-black-liqueur-70-cl,10499,The Choya Black Liqueur 70 CL,เหล้านำเข้า,,N,,,,,,,909.50,4905846118529,,,Y,,บริษัท อินดิเพนเด้นท์ ไวน์ แอนด์ สปิริต (ประเทศไทย) จำกัด,909.50,Y,1090.00,4.000,6.000,6.000
the-choya-genshu-70cl,10500,The Choya Genshu 70CL,เหล้านำเข้า,,N,,,,,,,909.50,4905846118758,,,Y,,บริษัท อินดิเพนเด้นท์ ไวน์ แอนด์ สปิริต (ประเทศไทย) จำกัด,909.50,Y,1090.00,2.000,6.000,6.000
the-choya-golden-ume-fruit-(single-year)-65-cl,10584,The Choya Golden Ume Fruit (single Year) 65 CL,เหล้านำเข้า,,N,,,,,,,695.50,4905846117966,,,Y,,บริษัท อินดิเพนเด้นท์ ไวน์ แอนด์ สปิริต (ประเทศไทย) จำกัด,695.50,Y,850.00,12.000,1.000,2.000
the-choya-ume-salute-75cl,10960,The Choya Ume Salute 75CL,เหล้านำเข้า,,N,,,,,,,353.10,4017871800413,,,Y,,บริษัท อินดิเพนเด้นท์ ไวน์ แอนด์ สปิริต (ประเทศไทย) จำกัด,353.10,Y,399.00,12.000,1.000,3.000
the-german-invasion-oliver-muller,10132,THE GERMAN INVASION OLIVER MULLER 330 ml,เบียร์คราฟท์,,N,,,,,,,113.00,8859695700267,,,Y,,บริษัท เบียร์ทีค จำกัด,113.00,Y,170.00,0.000,3.000,9.000
the-larsen-vsop-reserve-40%-70cl.,10463,The LARSEN VSOP RESERVE 40% 70cl.,เหล้านำเข้า,,N,,,,,,,2460.00,3272510001113,,,Y,,"Horeca Management Co., Ltd.",2460.00,Y,3000.00,3.000,3.000,3.000
the-larsen-xo-reserve-40%-70cl.,10467,The LARSEN XO RESERVE 40% 70cl.,เหล้านำเข้า,,N,,,,,,,6970.00,3272516730949,,,Y,,"Horeca Management Co., Ltd.",6970.00,Y,8500.00,1.000,3.000,3.000
the-one-coffee-gold-intenso-100g,10201,THE ONE COFFEE GOLD INTENSO 100g,กาแฟ,,N,,,,,,,101.65,8858663180063,,,Y,,บริษัท พิริยพูล อินเตอร์เนชั่นแนล จำกัด,0.00,Y,139.00,12.000,3.000,6.000
the-one-coffee-gold-intenso-200g,10200,THE ONE COFFEE GOLD INTENSO 200g,กาแฟ,,N,,,,,,,181.90,8858663180056,,,Y,,บริษัท พิริยพูล อินเตอร์เนชั่นแนล จำกัด,181.90,Y,239.00,8.000,3.000,12.000
the-one-coffee-supremo-intenso-100g,10202,THE ONE COFFEE SUPREMO INTENSO 100g,กาแฟ,,N,,,,,,,101.65,8858663180087,,,Y,,บริษัท พิริยพูล อินเตอร์เนชั่นแนล จำกัด,101.65,Y,139.00,3.000,3.000,6.000
the-spirit-of-chaiyaphum-3-l.,10004,The spirit of chaiyaphum 3 L.,สุราชุมชน,,N,,,,,,,1433.34,3770037947025,,,Y,,,1433.34,Y,1999.00,2.000,3.000,3.000
the-spirit-of-chaiyaphum-330-ml.,10596,The spirit of chaiyaphum 330 ml.,สุราชุมชน,,N,,,,,,,283.00,JC10596,,,Y,,บจก.สปิริต ออฟ ชัยภูมิ คอร์ปอเรชั่น กรุ๊ปส์ (สำนักงานใหญ่),287.50,Y,399.00,16.000,6.000,12.000
the-spirit-of-chaiyaphum-750-ml.,10709,The spirit of chaiyaphum 700 ml.,สุราชุมชน,,N,,,,,,,558.41,JC10709,,,Y,,บจก.สปิริต ออฟ ชัยภูมิ คอร์ปอเรชั่น กรุ๊ปส์ (สำนักงานใหญ่),526.84,Y,699.00,10.000,3.000,6.000
the-spirit-of-chaiyaphum-botanical-no1,10274,The spirit of chaiyaphum botanical no1 700 ml,สุราชุมชน,,N,,,,,,,604.00,3770037947070,,,Y,,,604.00,Y,789.00,5.000,5.000,10.000
ther-mojito-cider-1,10003,Ther Mojito cider  330 ml,เบียร์คราฟท์,,N,,,,,,,79.00,8855796015187,,,Y,,บริษัท กรุ๊ปบี จำกัด,79.00,Y,129.00,16.000,3.000,6.000
thongpradit-ipa-6.9%-490ml.,10585,Thongpradit IPA 6.9% 490ml.,เบียร์คราฟท์,,N,,,,,,,179.00,8855796036762,,,Y,,"BEERVANA (THAILAND) CO., LTD.",179.00,Y,240.00,0.000,1.000,3.000
tia-maria-coffee-liqueur-(new)-alc-20%-70-cl,10615,Tia Maria Coffee Liqueur (New) Alc 20% 70 CL,เหล้านำเข้า,,N,,,,,,,877.40,5012523233129,,,Y,,บริษัท อินดิเพนเด้นท์ ไวน์ แอนด์ สปิริต (ประเทศไทย) จำกัด,877.40,Y,950.00,2.000,3.000,3.000
tripple-pearl-galaxy-villa,10070,Tripple Pearl Galaxy Villa 330 ml,เบียร์คราฟท์,,N,,,,,,,149.00,8857124708129,,,Y,,บริษัท กรุ๊ปบี จำกัด,149.00,Y,230.00,4.000,9.000,9.000
tripple-pearl-saensuk,10071,Tripple Pearl Saensuk 330 ml,เบียร์คราฟท์,,N,,,,,,,169.00,8857124708167,,,Y,,บริษัท กรุ๊ปบี จำกัด,169.00,Y,260.00,3.000,3.000,9.000
tripple-pearl-want-napa,10069,Tripple Pearl Want Napa 330 ml,เบียร์คราฟท์,,N,,,,,,,169.00,8857124708075,,,Y,,บริษัท กรุ๊ปบี จำกัด,169.00,Y,260.00,3.000,3.000,9.000
tropical-bia-can-330-ml,10504,Tropical BIA Can 330 ml,เบียร์คราฟท์,,N,,,,,,,92.26,8938511702712,,,Y,,บริษัท เมอรี่ ริช ด๊อก จำกัด,92.26,Y,110.00,4.000,6.000,6.000
trung-nguyen-creative-1-coffee,10489,TRUNG NGUYEN CREATIVE 1 COFFEE 250 g,กาแฟ,,N,,,,,,,117.70,8935024142011,,,Y,,บริษัท พิริยพูล อินเตอร์เนชั่นแนล จำกัด,117.70,Y,155.00,28.000,0.000,0.000
trung-nguyen-creative-2-coffee,10527,TRUNG NGUYEN CREATIVE 2 COFFEE 250 g,กาแฟ,,N,,,,,,,126.62,8935024142035,,,Y,,บริษัท พิริยพูล อินเตอร์เนชั่นแนล จำกัด,126.62,Y,175.00,0.000,12.000,24.000
trung-nguyen-drip-coffee-americano-100g,10474,TRUNG NGUYEN DRIP COFFEE AMERICANO 100G,กาแฟ,,N,,,,,,,165.85,8935024190869,,,Y,,บริษัท พิริยพูล อินเตอร์เนชั่นแนล จำกัด,165.85,Y,209.00,0.000,12.000,24.000
trung-nguyen-drip-coffee-fusion-100g,10475,TRUNG NGUYEN DRIP COFFEE FUSION 100G,กาแฟ,,N,,,,,,,122.67,8935024190876,,,Y,,บริษัท พิริยพูล อินเตอร์เนชั่นแนล จำกัด,122.67,Y,159.00,0.000,12.000,24.000
trung-nguyen-drip-coffee-vietnamese-100g,10476,TRUNG NGUYEN DRIP COFFEE VIETNAMESE 100G,กาแฟ,,N,,,,,,,122.67,8935024190852,,,Y,,บริษัท พิริยพูล อินเตอร์เนชั่นแนล จำกัด,122.67,Y,159.00,0.000,6.000,12.000
tsingtao-lager-bottle-640-ml,10414,Tsingtao Lager Bottle 640 ml,เบียร์คราฟท์,,N,,,,,,,91.99,6901035603010,,,Y,,บริษัท เมอรี่ ริช ด๊อก จำกัด,91.99,Y,129.00,12.000,3.000,9.000
tsingtao-stout-bottle-330ml.,10650,Tsingtao Stout Bottle 330ml.,เบียร์คราฟท์,,N,,,,,,,77.49,6901035617079,,,Y,,บริษัท เมอรี่ ริช ด๊อก จำกัด,77.49,Y,95.00,0.000,3.000,6.000
tsingtao-wheat-bottle-330ml.,10765,Tsingtao Wheat bottle 330ml.,เบียร์คราฟท์,,N,,,,,,,79.00,6901035617260,,,Y,,บริษัท เมอรี่ ริช ด๊อก จำกัด,79.00,Y,110.00,4.000,6.000,6.000
ีีubon-the-spirit-of-ubon,10332,UBON THE SPIRIT OF UBON,สุรา,,N,,,,,,,520.00,JC10332,,,Y,,ร้านเหล้าอุบลมาสุข,520.00,Y,690.00,0.000,1.000,1.000
๊underdog-helies-lager,10577,Underdog Helies Lager 490 ml,เบียร์คราฟท์,,N,,,,,,,100.20,8855796022642,,,Y,,บริษัท กรุ๊ปบี จำกัด,100.20,Y,150.00,5.000,6.000,6.000
underdog-raspberry-berliner-weisse,10087,Underdog Raspberry Berliner weisse 490 ml,เบียร์คราฟท์,,N,,,,,,,105.00,8855796022666,,,Y,,บริษัท กรุ๊ปบี จำกัด,105.00,Y,140.00,4.000,6.000,6.000
"ventisquero-renarva-meriot-2022,-75-cl",10778,Ventisquero Renarva Meriot 2022 750 ml,ไวน์,,N,,,,,,,400.00,7808725400142,,,Y,,บริษัท ทัช คอมเมอร์เชียล โฮลดิ้ง จำกัด,400.00,Y,459.00,7.000,3.000,6.000
"ventisquero-resarva-carmerere-2021,-75-cl",10777,Ventisquero Resarva Carmerere 2021 750 ml,ไวน์,,N,,,,,,,400.00,7808725400166,,,Y,,บริษัท ทัช คอมเมอร์เชียล โฮลดิ้ง จำกัด,400.00,Y,459.00,12.000,3.000,6.000
"ventisquero-reserva-cabernet-sauvignon-2022,-75-cl.",10056,Ventisquero Reserva Cabernet Sauvignon 2022 750 ml.,ไวน์,,N,,,,,,,392.86,7808725400135,,,Y,,บริษัท ทัช คอมเมอร์เชียล โฮลดิ้ง จำกัด,392.86,Y,459.00,4.000,6.000,6.000
"ventisquero-reserva-syrah-2022,-75-cl",10776,Ventisquero Reserva Syrah 2022 750 ml,ไวน์,,N,,,,,,,400.00,7808725400159,,,Y,,บริษัท ทัช คอมเมอร์เชียล โฮลดิ้ง จำกัด,400.00,Y,459.00,15.000,3.000,6.000
weihenstephan-bavarian-lager,10139,WEIHENSTEPHAN Bavarian Lager Original Helles 500 ml,เบียร์คราฟท์,,N,,,,,,,139.91,4105120003101,,,Y,,บริษัท เอส เอ็ม รีเทล จำกัด,139.91,Y,220.00,22.000,3.000,9.000
"weihenstephan,-festbier-5.8%-alc.",10381,WEIHENSTEPHAN FESTBIER 5.8% ALC. 500 ml,เบียร์คราฟท์,,N,,,,,,,139.18,4105120803244,,,Y,,บริษัท เอส เอ็ม รีเทล จำกัด,139.18,Y,220.00,18.000,10.000,20.000
"weihenstephan,-korbinian-doppelbock-dunkel",10383,WEIHENSTEPHAN KORBINIAN-DOPPELBOCK-DUNKEL 500 ml,เบียร์คราฟท์,,N,,,,,,,169.14,4105120004504,,,Y,,บริษัท เอส เอ็ม รีเทล จำกัด,169.14,Y,240.00,12.000,10.000,20.000
weihenstephan-vitus-bock-wheat-beer,10472,WEIHENSTEPHAN Vitus Bock Wheat Beer 500 ml,เบียร์คราฟท์,,N,,,,,,,163.78,4105120004108,,,Y,,บริษัท เอส เอ็ม รีเทล จำกัด,163.78,Y,230.00,5.000,6.000,6.000
weihenstephan-wheat-beer-hefeweissbier,10140,WEIHENSTEPHAN Wheat Beer Hefeweissbier 500 ml,เบียร์คราฟท์,,N,,,,,,,139.43,4105120573949,,,Y,,บริษัท เอส เอ็ม รีเทล จำกัด,139.43,Y,220.00,13.000,3.000,9.000
weihenstephaner-1516-kellerbier--5.6%,10385,WEIHENSTEPHANER 1516 KELLERBIER  5.6% 500 ml,เบียร์คราฟท์,,N,,,,,,,139.18,4105120053182,,,Y,,บริษัท เอส เอ็ม รีเทล จำกัด,139.18,Y,220.00,14.000,10.000,20.000
wizard-arom,10142,Wizard Arom (ส้ม) 490 ml,เบียร์คราฟท์,,N,,,,,,,143.00,8855796036625,,,Y,,"BEERVANA (THAILAND) CO., LTD.",143.00,Y,220.00,2.000,3.000,9.000
wizard-passion,10147,Wizard Passion (ฟ้า) 490 ml,เบียร์คราฟท์,,N,,,,,,,157.50,8855796036090,,,Y,,"BEERVANA (THAILAND) CO., LTD.",157.50,Y,230.00,3.000,3.000,9.000
woodford-reserve-bourbon-whisky-750-ml.,10981,Woodford Reserve Bourbon Whisky 750 ml.,เหล้านำเข้า,,N,,,,,,,2159.00,081128025885,,,Y,,บริษัท เคี้ยงเทรดดิ้ง จำกัด,2159.00,Y,2359.00,3.000,3.000,3.000
woodford-reserve-rye-whisky-750-ml,10982,Woodford Reserve Rye Whisky 750 ml,เหล้านำเข้า,,N,,,,,,,2159.00,081128000641,,,Y,,บริษัท เคี้ยงเทรดดิ้ง จำกัด,2159.00,Y,2359.00,2.000,2.000,3.000
y-not--red-bin555-1.5l,10854,Y Not  Red Bin555 1.5L,ไวน์,,N,,,,,,,521.14,8854116006669,,,Y,,บริษัท ไวน์ แอนด์ สปิริท ดิสทริบิวชั่น จำกัด,521.14,Y,699.00,9.000,6.000,12.000
yali-carmenere-750ml.,10912,YALI CARMENERE 750ML.,ไวน์,,N,,,,,,,537.50,7808725400210,,,Y,,บริษัท เตียเจริญ เบฟเวอเรจ จำกัด,537.50,Y,599.00,6.000,3.000,6.000
yo-ho-dondabada-6.0%-350ml.,10639,Yo-Ho Dondabada 6.0% 350ml.,เบียร์คราฟท์,,N,,,,,,,149.00,4535659006128,,,Y,,"BEERVANA (THAILAND) CO., LTD.",149.00,Y,189.00,5.000,6.000,6.000
yo-ho-sho-kino-satan-0.7%-350ml.,10638,Yo-Ho Sho-Kino Satan 0.7% 350ml.,เบียร์คราฟท์,,N,,,,,,,109.00,4535659006463,,,Y,,"BEERVANA (THAILAND) CO., LTD.",109.00,Y,149.00,1.000,3.000,6.000
yo-ho-sorry-nippon-citrus-4.5%-350ml.,10637,Yo-Ho Sorry Nippon Citrus 4.5% 350ml.,เบียร์คราฟท์,,N,,,,,,,149.00,4535659005480,,,Y,,"BEERVANA (THAILAND) CO., LTD.",149.00,Y,189.00,2.000,3.000,6.000
yo-ho-suiyoubi-no-neko-5.0%-350ml.,10631,Yo-Ho Suiyoubi No Neko 5.0% 350ml.,เบียร์คราฟท์,,N,,,,,,,119.00,4535659001765,,,Y,,"BEERVANA (THAILAND) CO., LTD.",119.00,Y,160.00,3.000,3.000,6.000
yo-ho-yona-yona-ale-5.5%-350ml.,10633,Yo-Ho Yona Yona Ale 5.5% 350ml.,เบียร์คราฟท์,,N,,,,,,,119.00,47478619,,,Y,,"BEERVANA (THAILAND) CO., LTD.",119.00,Y,160.00,5.000,3.000,6.000
yodbeer,10136,YODBEER Banana  490 ml,เบียร์คราฟท์,,N,,,,,,,107.57,8855796022949,,,Y,,บริษัท กรุ๊ปบี จำกัด,107.57,Y,165.00,7.000,6.000,12.000
yodbeer-bear-hug-pale-ale,10730,Yodbeer Bear Hug Pale Ale  490 ml,เบียร์คราฟท์,,N,,,,,,,111.00,8855796039329,,,Y,,บริษัท กรุ๊ปบี จำกัด,111.00,Y,190.00,8.000,3.000,6.000
zatocolabomb-320-ml,10151,ZatoColaBomb 320 ml,เบียร์,,N,,,,,,,26.50,8850486100570,,,Y,,บริษัท แคชแวน แมนเนจเม้นท์ จำกัด,26.50,Y,35.00,0.000,40.000,80.000
zatolemonlimefizz320-ml,10152,ZatoLemonLimeFizz320 ml,เบียร์,,N,,,,,,,26.50,8850486100563,,,Y,,บริษัท แคชแวน แมนเนจเม้นท์ จำกัด,26.50,Y,35.00,0.000,40.000,80.000
กระติ๊บข้าว-ฟักทอง-ลายไทย-5.5นิ้ว,10611,กระติ๊บข้าว ฟักทอง ลายไทย 5.5นิ้ว (บ้านนาโดน),ผลิตภัณฑ์ท้องถิ่นนครพนม,,N,,,,,,,100.00,JC10611,,,Y,,ร้านอุมารินทร์ พาณิชย์,100.00,Y,150.00,0.000,2.000,5.000
กระติ๊บข้าว-ลายไทย-3.5-นิ้ว,10613,กระติ๊บข้าว ลายไทย 3.5 นิ้ว (บ้านนาโดน),ผลิตภัณฑ์ท้องถิ่นนครพนม,,N,,,,,,,45.00,JC10613,,,Y,,ร้านอุมารินทร์ พาณิชย์,45.00,Y,65.00,0.000,7.000,15.000
กระติ๊บข้าว-สูง-ลายไทย-5-นิ้ว,10612,กระติ๊บข้าว สูง ลายไทย 5 นิ้ว (บ้านนาโดน),ผลิตภัณฑ์ท้องถิ่นนครพนม,,N,,,,,,,98.63,JC10612,,,Y,,ร้านอุมารินทร์ พาณิชย์,98.63,Y,150.00,8.000,2.000,5.000
กระติ๊บข้าว-หัวใจ6นิ้ว,10610,กระติ๊บข้าว หัวใจ6นิ้ว (บ้านนาโดน),ผลิตภัณฑ์ท้องถิ่นนครพนม,,N,,,,,,,200.00,JC10610,,,Y,,ร้านอุมารินทร์ พาณิชย์,200.00,Y,350.00,2.000,2.000,5.000
กระติ๊บข้าว--ขาว--ลายไทย(เล็ก),10852,กระติ๊บฟักทองขาว 4.5 นิ้ว (บ้านหนองบัว),ผลิตภัณฑ์ท้องถิ่นนครพนม,,N,,,,,,,55.00,JC10852,,,Y,,กระติ๊บหนองบัว แม่พี่ตั้ม,55.00,Y,85.00,0.000,0.000,6.000
กระติ๊บข้าว-ฟักทอง-ลายไทย(เล็ก),10851,กระติ๊บฟักทองลายไทย 4.5 นิ้ว,ผลิตภัณฑ์ท้องถิ่นนครพนม,,N,,,,,,,65.00,JC10851,,,Y,,ร้านอุมารินทร์ พาณิชย์,65.00,Y,100.00,0.000,2.000,4.000
กระติบใหญ่-ลายไทย,10619,กระติ๊บใหญ่ ลายไทย 7 นิ้ว (บ้านนาโดน),ผลิตภัณฑ์ท้องถิ่นนครพนม,,N,,,,,,,100.00,JC10619,,,Y,,ร้านอุมารินทร์ พาณิชย์,100.00,Y,120.00,0.000,3.000,3.000
กระทิงแดง-150มล.-1,10128,กระทิงแดง 150มล.,น้ำดื่ม เครื่องดื่ม และผงชงดื่ม,,N,,,,,,,8.60,JC10128,,,Y,,,0.00,Y,10.00,22.000,10.000,20.000
กระบอก-สุราข้าวหอมชัยภูมิ-330-ml.‎,10771,กระบอก สุราข้าวหอมชัยภูมิ 330 ml.‎,สุราชุมชน,,N,,,,,,,84.20,JC10771,,,Y,,สุราข้าวหอมชัยภูมิ,84.20,Y,120.00,7.000,6.000,11.000
สุราข้าวหอมชัยภูมิ+กระบอกใส่เหล้า-700-ml.,10661,กระบอก สุราข้าวหอมชัยภูมิ 700 ml.,สุราชุมชน,,N,,,,,,,96.82,JC10661,,,Y,,สุราข้าวหอมชัยภูมิ,96.82,Y,200.00,31.000,5.000,10.000
กระเช้า-kcl-set-a,10252,กระเช้า KCL SET A,กระเช้าของขวัญ,,N,,,,,,,,JC10252,10005,1.000,N,N,,,Y,1700.00,,,
,,,,,,,,,,,,,,10092,1.000,,,,,,,,,
,,,,,,,,,,,,,,10170,1.000,,,,,,,,,
,,,,,,,,,,,,,,10172,1.000,,,,,,,,,
,,,,,,,,,,,,,,10258,1.000,,,,,,,,,
,,,,,,,,,,,,,,10534,1.000,,,,,,,,,
,,,,,,,,,,,,,,10455,1.000,,,,,,,,,
,,,,,,,,,,,,,,10588,1.000,,,,,,,,,
,,,,,,,,,,,,,,10705,1.000,,,,,,,,,
,,,,,,,,,,,,,,10217,1.000,,,,,,,,,
,,,,,,,,,,,,,,10378,1.000,,,,,,,,,
,,,,,,,,,,,,,,10231,1.000,,,,,,,,,
กระเช้า-kcl-set-b,10254,กระเช้า KCL SET B,กระเช้าของขวัญ,,N,,,,,,,,JC10254,10001,1.000,N,N,,,Y,1200.00,,,
,,,,,,,,,,,,,,10705,1.000,,,,,,,,,
,,,,,,,,,,,,,,10813,1.000,,,,,,,,,
,,,,,,,,,,,,,,10821,1.000,,,,,,,,,
,,,,,,,,,,,,,,10386,1.000,,,,,,,,,
,,,,,,,,,,,,,,10231,1.000,,,,,,,,,
,,,,,,,,,,,,,,10234,1.000,,,,,,,,,
กระเช้า-kcl-set-c,10261,กระเช้า KCL SET C,กระเช้าของขวัญ,,N,,,,,,,,JC10261,10095,1.000,N,N,,,Y,1000.00,,,
,,,,,,,,,,,,,,10294,1.000,,,,,,,,,
,,,,,,,,,,,,,,10424,1.000,,,,,,,,,
,,,,,,,,,,,,,,10481,2.000,,,,,,,,,
,,,,,,,,,,,,,,10821,2.000,,,,,,,,,
,,,,,,,,,,,,,,10231,1.000,,,,,,,,,
,,,,,,,,,,,,,,10234,1.000,,,,,,,,,
กระเช้า-kcl-set-x,10295,กระเช้า KCL SET X,กระเช้าของขวัญ,,N,,,,,,,,JC10295,10170,1.000,N,N,,,Y,1700.00,,,
,,,,,,,,,,,,,,10294,1.000,,,,,,,,,
,,,,,,,,,,,,,,10455,1.000,,,,,,,,,
,,,,,,,,,,,,,,10588,1.000,,,,,,,,,
,,,,,,,,,,,,,,10705,1.000,,,,,,,,,
,,,,,,,,,,,,,,10807,1.000,,,,,,,,,
,,,,,,,,,,,,,,10217,1.000,,,,,,,,,
,,,,,,,,,,,,,,10378,1.000,,,,,,,,,
,,,,,,,,,,,,,,10231,1.000,,,,,,,,,
กระเช้า-kcl-set-y,10316,กระเช้า KCL SET Y,กระเช้าของขวัญ,,N,,,,,,,,JC10316,10170,1.000,N,N,,,Y,1700.00,,,
,,,,,,,,,,,,,,10294,1.000,,,,,,,,,
,,,,,,,,,,,,,,10455,1.000,,,,,,,,,
,,,,,,,,,,,,,,10588,1.000,,,,,,,,,
,,,,,,,,,,,,,,10705,1.000,,,,,,,,,
,,,,,,,,,,,,,,10489,1.000,,,,,,,,,
,,,,,,,,,,,,,,10230,1.000,,,,,,,,,
,,,,,,,,,,,,,,10217,1.000,,,,,,,,,
,,,,,,,,,,,,,,10378,1.000,,,,,,,,,
,,,,,,,,,,,,,,10231,1.000,,,,,,,,,
กระเช้า-kcl-set-z,10344,กระเช้า KCL SET Z,กระเช้าของขวัญ,,N,,,,,,,,JC10344,10170,1.000,N,N,,,Y,1700.00,,,
,,,,,,,,,,,,,,10294,1.000,,,,,,,,,
,,,,,,,,,,,,,,10444,1.000,,,,,,,,,
,,,,,,,,,,,,,,10455,1.000,,,,,,,,,
,,,,,,,,,,,,,,10588,1.000,,,,,,,,,
,,,,,,,,,,,,,,10705,1.000,,,,,,,,,
,,,,,,,,,,,,,,10217,1.000,,,,,,,,,
,,,,,,,,,,,,,,10378,1.000,,,,,,,,,
,,,,,,,,,,,,,,10231,1.000,,,,,,,,,
กระเช้ากลาง,10198,กระเช้า KCL กลาง,กระเช้าของขวัญ,,N,,,,,,,,,10007,1.000,N,N,,,Y,1500.00,,,
,,,,,,,,,,,,,,10284,2.000,,,,,,,,,
,,,,,,,,,,,,,,10293,1.000,,,,,,,,,
,,,,,,,,,,,,,,10424,1.000,,,,,,,,,
,,,,,,,,,,,,,,10587,1.000,,,,,,,,,
,,,,,,,,,,,,,,10378,1.000,,,,,,,,,
กระเช้าเล็ก,10195,กระเช้า KCL เล็ก,กระเช้าของขวัญ,,N,,,,,,,,๋,10095,1.000,N,N,,,Y,996.00,,,
,,,,,,,,,,,,,,10294,1.000,,,,,,,,,
,,,,,,,,,,,,,,10481,2.000,,,,,,,,,
,,,,,,,,,,,,,,10587,1.000,,,,,,,,,
,,,,,,,,,,,,,,10821,1.000,,,,,,,,,
,,,,,,,,,,,,,,10823,1.000,,,,,,,,,
กระเช้าใหญ่,10224,กระเช้า KCL ใหญ่,กระเช้าของขวัญ,,N,,,,,,,,,10007,1.000,N,N,,,Y,2500.00,,,
,,,,,,,,,,,,,,10090,1.000,,,,,,,,,
,,,,,,,,,,,,,,10097,1.000,,,,,,,,,
,,,,,,,,,,,,,,10170,1.000,,,,,,,,,
,,,,,,,,,,,,,,10293,1.000,,,,,,,,,
,,,,,,,,,,,,,,10424,1.000,,,,,,,,,
,,,,,,,,,,,,,,10821,1.000,,,,,,,,,
,,,,,,,,,,,,,,10374,2.000,,,,,,,,,
,,,,,,,,,,,,,,10754,1.000,,,,,,,,,
set-2-2025-(ผ้าและข้าว),10240,กระเช้า SET B 2025 NT,กระเช้าของขวัญ,,N,,,,,,,,JC10240,10293,1.000,N,N,,,Y,1000.00,,,
,,,,,,,,,,,,,,10587,1.000,,,,,,,,,
,,,,,,,,,,,,,,10602,1.000,,,,,,,,,
,,,,,,,,,,,,,,10807,1.000,,,,,,,,,
,,,,,,,,,,,,,,10378,1.000,,,,,,,,,
,,,,,,,,,,,,,,10386,1.000,,,,,,,,,
กระเช้า1499,10697,กระเช้า1499,กระเช้าของขวัญ,,N,,,,,,,,JC10697,10007,1.000,N,N,,,Y,1499.00,,,
,,,,,,,,,,,,,,10171,1.000,,,,,,,,,
,,,,,,,,,,,,,,10284,1.000,,,,,,,,,
,,,,,,,,,,,,,,10421,1.000,,,,,,,,,
,,,,,,,,,,,,,,10424,1.000,,,,,,,,,
,,,,,,,,,,,,,,10477,1.000,,,,,,,,,
,,,,,,,,,,,,,,10478,1.000,,,,,,,,,
,,,,,,,,,,,,,,10489,1.000,,,,,,,,,
,,,,,,,,,,,,,,10527,1.000,,,,,,,,,
,,,,,,,,,,,,,,10231,1.000,,,,,,,,,
,,,,,,,,,,,,,,10695,1.000,,,,,,,,,
กระเช้า1999,10741,กระเช้า1999,กระเช้าของขวัญ,,N,,,,,,,,JC10741,10005,1.000,N,N,,,Y,1999.00,,,
,,,,,,,,,,,,,,10007,2.000,,,,,,,,,
,,,,,,,,,,,,,,10171,1.000,,,,,,,,,
,,,,,,,,,,,,,,10284,1.000,,,,,,,,,
,,,,,,,,,,,,,,10424,1.000,,,,,,,,,
,,,,,,,,,,,,,,10474,1.000,,,,,,,,,
,,,,,,,,,,,,,,10475,1.000,,,,,,,,,
,,,,,,,,,,,,,,10476,1.000,,,,,,,,,
,,,,,,,,,,,,,,10477,1.000,,,,,,,,,
,,,,,,,,,,,,,,10478,1.000,,,,,,,,,
,,,,,,,,,,,,,,10588,1.000,,,,,,,,,
,,,,,,,,,,,,,,10231,1.000,,,,,,,,,
,,,,,,,,,,,,,,10695,2.000,,,,,,,,,
กระเช้าของขวัญ-18-นิ้ว,10754,กระเช้าของขวัญ 18 นิ้ว,กระเช้าของขวัญ,,N,,,,,,,0.00,JC10754,,,Y,,something Good Udon,0.00,Y,300.00,0.000,0.000,2.000
กระเช้าของขวัญ-kcl-2026-(กลาง),10752,กระเช้าของขวัญ KCL 2026 (กลาง),กระเช้าของขวัญ,,N,,,,,,,,,10112,1.000,N,N,,,Y,1800.00,,,
,,,,,,,,,,,,,,10293,1.000,,,,,,,,,
,,,,,,,,,,,,,,10475,1.000,,,,,,,,,
,,,,,,,,,,,,,,10588,1.000,,,,,,,,,
,,,,,,,,,,,,,,10217,1.000,,,,,,,,,
,,,,,,,,,,,,,,10378,1.000,,,,,,,,,
,,,,,,,,,,,,,,10231,1.000,,,,,,,,,
,,,,,,,,,,,,,,10868,1.000,,,,,,,,,
,,,,,,,,,,,,,,10226,1.000,,,,,,,,,
กระเช้าของขวัญ-kcl-2026-(เล็ก),10699,กระเช้าของขวัญ KCL 2026 (เล็ก),กระเช้าของขวัญ,,N,,,,,,,,,10170,1.000,N,N,,,Y,1200.00,,,
,,,,,,,,,,,,,,10421,1.000,,,,,,,,,
,,,,,,,,,,,,,,10527,1.000,,,,,,,,,
,,,,,,,,,,,,,,10378,1.000,,,,,,,,,
,,,,,,,,,,,,,,10231,1.000,,,,,,,,,
,,,,,,,,,,,,,,10695,1.000,,,,,,,,,
,,,,,,,,,,,,,,10201,1.000,,,,,,,,,
,,,,,,,,,,,,,,10209,1.000,,,,,,,,,
กระเช้าของขวัญ-kcl-2026-(ใหญ่),10841,กระเช้าของขวัญ KCL 2026 (ใหญ่),กระเช้าของขวัญ,,N,,,,,,,,,10106,1.000,N,N,,,Y,2700.00,,,
,,,,,,,,,,,,,,10818,1.000,,,,,,,,,
,,,,,,,,,,,,,,10374,1.000,,,,,,,,,
,,,,,,,,,,,,,,10378,1.000,,,,,,,,,
,,,,,,,,,,,,,,10865,1.000,,,,,,,,,
,,,,,,,,,,,,,,10231,1.000,,,,,,,,,
,,,,,,,,,,,,,,10271,1.000,,,,,,,,,
,,,,,,,,,,,,,,10870,1.000,,,,,,,,,
,,,,,,,,,,,,,,10482,1.000,,,,,,,,,
กระเช้าทรงกลม12นิ้ว,10654,กระเช้าทรงกลม12นิ้ว (กลม004),กระเช้าของขวัญ,,N,,,,,,,157.91,JC10654,,,Y,,"The bamboo art co.,Ltd.",157.91,Y,220.00,18.000,10.000,20.000
กระเช้าทรงรีขนาด-10-นิ้ว,10420,กระเช้าทรงรีขนาด 10 นิ้ว (รี003),กระเช้าของขวัญ,,N,,,,,,,147.50,JC10420,,,Y,,"The bamboo art co.,Ltd.",147.50,Y,200.00,3.000,6.000,12.000
กระเช้าทรงรีขนาด-12-นิ้ว,10421,กระเช้าทรงรีขนาด 12 นิ้ว (รี003),กระเช้าของขวัญ,,N,,,,,,,155.72,JC10421,,,Y,,"The bamboo art co.,Ltd.",155.72,Y,220.00,5.000,6.000,12.000
กระเช้าทรงรีขนาด-14-นิ้ว,10587,กระเช้าทรงรีขนาด 14 นิ้ว (รี003),กระเช้าของขวัญ,,N,,,,,,,119.00,JC10587,,,Y,,"The bamboo art co.,Ltd.",119.00,Y,240.00,0.000,4.000,8.000
กระเช้าทรงรีขนาด-16-นิ้ว,10588,กระเช้าทรงรีขนาด 16 นิ้ว (รี003),กระเช้าของขวัญ,,N,,,,,,,226.98,JC10588,,,Y,,"The bamboo art co.,Ltd.",226.98,Y,260.00,24.000,4.000,8.000
กระเช้าทรงเหลี่ยม-14-นิ้ว,10234,กระเช้าทรงเหลี่ยม 14 นิ้ว,กระเช้าของขวัญ,,N,,,,,,,154.00,JC10234,,,Y,,"The bamboo art co.,Ltd.",154.00,Y,240.00,0.000,12.000,25.000
กระเช้าทรงเหลี่ยม-16-นิ้ว,10271,กระเช้าทรงเหลี่ยม 16 นิ้ว,กระเช้าของขวัญ,,N,,,,,,,194.09,JC10271,,,Y,,"The bamboo art co.,Ltd.",194.09,Y,260.00,0.000,3.000,6.000
กระเช้าทรงเหลี่ยม-18-นิ้ว,10239,กระเช้าทรงเหลี่ยม 18 นิ้ว,กระเช้าของขวัญ,,N,,,,,,,283.33,,,,Y,,something Good Udon,283.33,Y,300.00,1.000,1.000,3.000
กระเช้าทรงรี-20-นิ้ว,10466,กระเช้าทรงเหลี่ยม 20 นิ้ว,กระเช้าของขวัญ,,N,,,,,,,204.00,JC10466,,,Y,,Shopee,204.00,Y,340.00,2.000,2.000,2.000
กระเช้าเล็ก-2026,10965,กระเช้าเล็ก SET A,กระเช้าของขวัญ,,N,,,,,,,,,10170,1.000,N,N,,,Y,868.00,,,
,,,,,,,,,,,,,,10421,1.000,,,,,,,,,
,,,,,,,,,,,,,,10160,1.000,,,,,,,,,
,,,,,,,,,,,,,,10475,1.000,,,,,,,,,
,,,,,,,,,,,,,,10230,1.000,,,,,,,,,
,,,,,,,,,,,,,,10811,1.000,,,,,,,,,
,,,,,,,,,,,,,,10559,1.000,,,,,,,,,
,,,,,,,,,,,,,,10231,1.000,,,,,,,,,
กระเช้าใหญ่-2026,10964,กระเช้าใหญ่ SET B,กระเช้าของขวัญ,,N,,,,,,,,,10170,1.000,N,N,,,Y,1217.00,,,
,,,,,,,,,,,,,,10160,1.000,,,,,,,,,
,,,,,,,,,,,,,,10475,1.000,,,,,,,,,
,,,,,,,,,,,,,,10230,1.000,,,,,,,,,
,,,,,,,,,,,,,,10365,1.000,,,,,,,,,
,,,,,,,,,,,,,,10378,1.000,,,,,,,,,
,,,,,,,,,,,,,,10231,1.000,,,,,,,,,
,,,,,,,,,,,,,,10234,1.000,,,,,,,,,
,,,,,,,,,,,,,,10756,1.000,,,,,,,,,
กระเทียมโทนดองเล็ก,10828,กระเทียมโทนดองน้ำผึ้งเจอกัน 250 กรัม (เล็ก),ของแห้งและเครื่องปรุง,,N,,,,,,,32.00,JC10828,,,Y,,แม่ไพริน,32.00,Y,40.00,3.000,25.000,50.000
กระเทียมโทนดองน้ำผึ้ง-กลาง---แม่ไพริน,10829,กระเทียมโทนดองน้ำผึ้งเจอกัน 400 กรัม (กลาง),ของแห้งและเครื่องปรุง,,N,,,,,,,75.00,JC10829,,,Y,,แม่ไพริน,75.00,Y,90.00,53.000,25.000,50.000
กระเทียมโทนดองน้ำผึ้ง-ใหญ่-เจอกัน,10185,กระเทียมโทนดองน้ำผึ้งเจอกัน 780 กรัม (ใหญ่),ของแห้งและเครื่องปรุง,,N,,,,,,,95.00,JC10185,,,Y,,แม่ไพริน,95.00,Y,120.00,23.000,5.000,10.000
กระเป๋ากันน้ำ,11018,กระเป๋ากันน้ำ,สงกรานต์,,N,,,,,,,20.00,JC11018,,,Y,,Shopee,20.00,Y,35.00,10.000,10.000,20.000
กระเป๋าช็อปปิ้ง-เจอกัน,10705,กระเป๋าช็อปปิ้ง เจอกัน,ของที่ระลึก,,N,,,,,,,35.70,JC10705,,,Y,,AJ wedding,35.70,Y,79.00,2.000,6.000,6.000
กระเป๋าผ้าป่านเวียดนาม-14-นิ้ว,10831,กระเป๋าผ้าป่านเวียดนาม 14 นิ้ว,ของที่ระลึก,,N,,,,,,,50.00,JC10831,,,Y,,เจ๊หงส์ของฝากเวียดนาม,50.00,Y,140.00,0.000,5.000,10.000
กระเป๋าผ้าป่านเวียดนาม-16-นิ้ว,10805,กระเป๋าผ้าป่านเวียดนาม 16 นิ้ว,ของที่ระลึก,,N,,,,,,,82.50,JC10805,,,Y,,เจ๊หงส์ของฝากเวียดนาม,82.50,Y,169.00,0.000,10.000,20.000
กระเป๋าผ้ามันเวียดนาม,10849,กระเป๋าผ้ามันเวียดนาม 15 นิ้ว,ของที่ระลึก,,N,,,,,,,41.00,JC10849,,,Y,,เจ๊หงส์ของฝากเวียดนาม,41.00,Y,120.00,0.000,5.000,10.000
กระเป๋าผ้าแต่งลายผ้ามุก,10386,กระเป๋าผ้าแต่งลายผ้ามุก,ของที่ระลึก,,N,,,,,,,40.00,JC10386,,,Y,,บ้านพิมาน,40.00,Y,79.00,14.000,10.000,20.000
กระโปรงผ้าสาลู-(ลายช้าง),10177,กระโปรงผ้าสาลู (ลายช้าง),ผลิตภัณฑ์ท้องถิ่นนครพนม,,N,,,,,,,388.00,JC10177,,,Y,,พี่ตุ๊กผ้าสาลู,388.00,Y,590.00,0.000,1.000,1.000
กรีนแอปเปิ้ลซีโร่,10445,กรีนแอปเปิ้ลซีโร่ 265 ml (โซดาคราฟท์),โซดาคราฟท์,,N,,,,,,,36.71,JC10445,,,Y,,คลาสทาวน์,36.71,Y,50.00,8.000,2.000,4.000
กล้วยกวน,10063,กล้วยกวน 150 g,ขนมขบเคี้ยวและของหวาน,,N,,,,,,,15.84,JC10063,,,Y,,อัยย์อุ่นผล ไม้อบแห้ง,15.84,Y,35.00,0.000,12.000,24.000
กล้วยอบกรอบ100g,10039,กล้วยอบกรอบ100g TE HUNG,ขนมขบเคี้ยวและของหวาน,,N,,,,,,,21.70,8936002400703,,,Y,,เสงี่ยม มุกดาหาร,22.09,Y,35.00,117.000,24.000,48.000
ก๋วยจั๊บญวน-เจอกันนครพนม-(ชุด-5-ห่อ),10491,ก๋วยจั๊บญวน เจอกันนครพนม (ชุด 5 ห่อ),ของแห้งและเครื่องปรุง,,N,,,,,,,,JC10491,10160,5.000,N,N,,,Y,150.00,,,
ก๋วยจั๊บญวน-เจอกันนครพนม125g,10160,ก๋วยจั๊บญวน เจอกันนครพนม125g,ของแห้งและเครื่องปรุง,,N,,,,,,,19.00,JC10160,,,Y,,ร้าน 99,19.65,Y,30.00,76.000,150.000,100.000
กวางรุ้งยาหม่องเวียดนาม,10034,กวางรุ้งยาหม่องเวียดนาม Troung Son 10 ml,ความงามและของใช้ส่วนตัว,,N,,,,,,,35.63,8938505132075,,,Y,,เสงี่ยม มุกดาหาร,35.63,Y,50.00,63.000,36.000,72.000
กางเกงสาลู-(ลายทาง),10522,กางเกงสาลู (ลายทาง),ผลิตภัณฑ์ท้องถิ่นนครพนม,,N,,,,,,,428.00,JC10522,,,Y,,พี่ตุ๊กผ้าสาลู,428.00,Y,650.00,0.000,1.000,1.000
ตุ๊กตากาละแม-ชะลอม,10329,กาละแม เจอกันนครพนม (ชะลอม),ขนมขบเคี้ยวและของหวาน,,N,,,,,,,77.82,JC10329,,,Y,,ตุ๊กตา กาละแม,77.82,Y,120.00,0.000,5.000,10.000
ตุ๊กตากาละแม-กลาง,10559,กาละแม เจอกันนครพนม (เล็ก),ขนมขบเคี้ยวและของหวาน,,N,,,,,,,34.49,JC10559,,,Y,,ตุ๊กตา กาละแม,34.49,Y,50.00,0.000,5.000,10.000
ตุ๊กตากาละแม-ใหญ่,10365,กาละแม เจอกันนครพนม (ใหญ่),ขนมขบเคี้ยวและของหวาน,,N,,,,,,,69.25,JC10365,,,Y,,ตุ๊กตา กาละแม,69.25,Y,100.00,0.000,5.000,8.000
กาแฟ-3in1-g7,10007,กาแฟ 3in1 G7 1กล่อง 21ซอง 336 g,กาแฟ,,N,,,,,,,92.34,8935024123287,,,Y,,แคน เซรามิก,92.34,Y,109.00,17.000,24.000,48.000
g7-black-instant-coffee-30g,10477,กาแฟ G7 Black instant coffee 30g,กาแฟ,,N,,,,,,,47.08,8935024140147,,,Y,,บริษัท พิริยพูล อินเตอร์เนชั่นแนล จำกัด,47.08,Y,59.00,0.000,12.000,24.000
กาแฟ-wake-up,10424,กาแฟ Wake-up 306 g,กาแฟ,,N,,,,,,,86.90,8934683007037,,,Y,,แคน เซรามิก,86.90,Y,120.00,12.000,12.000,24.000
คิงคอฟฟี่,10284,กาแฟ คิงคอฟฟี่ แบบกล่อง 37.5 g,กาแฟ,,N,,,,,,,76.76,8935259090521,,,Y,,แคน เซรามิก,76.76,Y,109.00,43.000,24.000,48.000
กาแฟขี้ชะมดห่อน้ำตาล500g,10338,กาแฟขี้ชะมดห่อน้ำตาล500g,กาแฟ,,N,,,,,,,82.68,JC10338,,,Y,,แคน เซรามิก,81.53,Y,120.00,25.000,12.000,40.000
กาแฟขี้ชะมดห่อเทา500g,10339,กาแฟขี้ชะมดห่อเทา500g,กาแฟ,,N,,,,,,,81.36,JC10339,,,Y,,แคน เซรามิก,81.36,Y,120.00,37.000,12.000,24.000
กาแฟขี้ชะมดห่อเหลือง500g,10337,กาแฟขี้ชะมดห่อเหลือง500g,กาแฟ,,N,,,,,,,112.18,8936113260012,,,Y,,แคน เซรามิก,112.18,Y,135.00,44.000,12.000,24.000
กาแฟขี้ชะมดเวียดนาม-500g-chon-cafe,10005,กาแฟขี้ชะมดเวียดนาม (Chon Cafe ห่อดำ) 500g,กาแฟ,,N,,,,,,,83.19,8938501807205,,,Y,,แคน เซรามิก,83.19,Y,120.00,42.000,24.000,60.000
กาแฟแคปซูล-caphemuoihce,10695,กาแฟแคปซูล (Instant Hue Salt Coffee ) 120g,กาแฟ,,N,,,,,,,110.43,8938527629188,,,Y,,แคน เซรามิก,110.43,Y,149.00,19.000,20.000,40.000
กีวี่,10059,กีวี่ 150 g,ขนมขบเคี้ยวและของหวาน,,N,,,,,,,28.64,JC10059,,,Y,,ร้านบ้านไอ,28.64,Y,35.00,0.000,12.000,12.000
กุนเชียงปลาเจอกันเกรดa(สูญญากาศ)-500g,10932,กุนเชียงปลาเจอกันเกรดA(สูญญากาศ) 500g,ของแห้งและเครื่องปรุง,,N,,,,,,,111.28,JC10932,,,Y,,กุนเชียงหงส์หยก,111.00,Y,145.00,31.000,20.000,40.000
กุนเชียงหมูเจอกันเกรดa-500g-(สูญญากาศ),10526,กุนเชียงหมูเจอกันเกรดA(สูญญากาศ) 500g,ของแห้งและเครื่องปรุง,,N,,,,,,,111.57,JC10526,,,Y,,กุนเชียงหงส์หยก,112.02,Y,145.00,27.000,24.000,48.000
กุนเชียงหมูเจอกันเกรดb-1000g,10529,กุนเชียงหมูเจอกันเกรดB 1000g,ของแห้งและเครื่องปรุง,,N,,,,,,,103.93,Jc10529,,,Y,,กุนเชียงหงส์หยก,103.12,Y,135.00,13.000,24.000,48.000
ขนมขาไก่ปรุงรส,11041,ขนมขาไก่ปรุงรส,ขนมขบเคี้ยวและของหวาน,,N,,,,,,,18.00,CJ11041,,,Y,,,18.00,Y,35.00,12.000,17.000,35.000
ขนมจีนน้ำนัว-เจอกัน,10286,ขนมจีนน้ำนัว เจอกัน,ของแห้งและเครื่องปรุง,,N,,,,,,,19.00,JC10286,,,Y,,หจก.นัว อินเตอร์ฟู้ด,19.00,Y,35.00,152.000,250.000,500.000
ขนมจีนอบแห้ง--เจอกัน200กรัม,10232,ขนมจีนอบแห้ง  เจอกัน200กรัม,ของแห้งและเครื่องปรุง,,N,,,,,,,20.50,JC10232,,,Y,,หจก.นัว อินเตอร์ฟู้ด,20.50,Y,35.00,0.000,250.000,500.000
ขนมจีนอบแห้ง-สูตรเวียดนาม300g,10450,ขนมจีนอบแห้ง สูตรเวียดนาม300g mr.rice,ของแห้งและเครื่องปรุง,,N,,,,,,,30.12,8932514138301,,,Y,,บริษัท สูริรัชต์ฟู้ด จำกัด (Mr.Rice),30.12,Y,45.00,33.000,20.000,40.000
ขนมจีนอบแห้งเจอกัน-200กรัม-(ชุด-3-ห่อ),10382,ขนมจีนอบแห้งเจอกัน 200กรัม (ชุด 3 ห่อ),ของแห้งและเครื่องปรุง,,N,,,,,,,,JC10382,10232,3.000,N,N,,,Y,100.00,,,
ขนมปังอบเนยไส้แยมสับปะรด,11042,ขนมปังอบเนยไส้แยมสับปะรด,ขนมขบเคี้ยวและของหวาน,,N,,,,,,,27.00,CJ11042,,,Y,,,,Y,45.00,19.000,15.000,30.000
ขนมปังเนยกรอบ,10267,ขนมปังเนยกรอบ,ขนมขบเคี้ยวและของหวาน,,N,,,,,,,30.00,JC10267,,,Y,,เจ๊เนย นาจอก,30.00,Y,35.00,8.000,10.000,20.000
ขนมเปี๊ยะทุเรียน280g,10052,ขนมเปี๊ยะทุเรียน280g,ขนมขบเคี้ยวและของหวาน,,N,,,,,,,112.66,8936014310038,,,Y,,ร้าน ดวงทอง,112.66,Y,140.00,0.000,,24.000
ขนุนรวม100g,10292,ขนุนรวม100g Hoa Phat,ขนมขบเคี้ยวและของหวาน,,N,,,,,,,26.35,8938504046120,,,Y,,เสงี่ยม มุกดาหาร,26.35,Y,35.00,22.000,36.000,72.000
ขนุนล้วน-100g,10291,ขนุนล้วน 100g Hoa Phat,ขนมขบเคี้ยวและของหวาน,,N,,,,,,,38.71,8938504046113,,,Y,,เสงี่ยม มุกดาหาร,34.76,Y,45.00,54.000,,72.000
ขนุนอบแห้ง-80g,10000,ขนุนอบแห้ง 80g Mit Say,ขนมขบเคี้ยวและของหวาน,,N,,,,,,,27.92,8938506010358,,,Y,,เสงี่ยม มุกดาหาร,27.18,Y,35.00,46.000,24.000,48.000
ขนุนอบแห้ง230ghoa-phat,10033,ขนุนอบแห้ง230g HOA PHAT,ขนมขบเคี้ยวและของหวาน,,N,,,,,,,83.26,8938504046021,,,Y,,เสงี่ยม มุกดาหาร,81.32,Y,95.00,26.000,24.000,48.000
ของขวัญผ้าขาวม้า-sti,10806,ของขวัญผ้าขาวม้า STI (บ้านหนองจันทร์),ของที่ระลึก,,N,,,,,,,90.00,JC10806,,,Y,,ผ้าขาวม้าสติ,90.00,Y,120.00,5.000,5.000,10.000
ข้าวหอมข้าวใจ-40-ดีกรี-330-ml,10808,ข้าวหอมข้าวใจ 40 ดีกรี 330 ml,สุราชุมชน,,N,,,,,,,50.35,8854609010722,,,Y,,,50.35,Y,60.00,12.000,,
ข้าวหอมข้าวใจ-40-ดีกรี-625-ml,10810,ข้าวหอมข้าวใจ 40 ดีกรี 625 ml,สุราชุมชน,,N,,,,,,,90.25,8854609010708,,,Y,,,90.25,Y,100.00,12.000,,
ข้าวหอมตะวันแดง-mix-น้ำเขียวในตำนาน-490ml,11040,ข้าวหอมตะวันแดง Mix น้ำเขียวในตำนาน 490ml,เบียร์คราฟท์,,N,,,,,,,59.58,8859361300623,,,Y,,บริษัท ตะวันแดง ดีซีเอ็ม จำกัด,59.58,Y,70.00,58.000,30.000,60.000
ข้าวฮางงอกหอมมะลิ-105-(1kg),10678,ข้าวฮางงอกหอมมะลิ 105 (1kg),ผลิตภัณฑ์ท้องถิ่นนครพนม,,N,,,,,,,80.00,JC10678,,,Y,,วิสาหกิจชุมชนแปรรูปข้าวคุณเเม่,80.00,Y,100.00,0.000,0.000,12.000
ข้าวเกรียบกล้วยดิบ,10299,ข้าวเกรียบกล้วยดิบ,ขนมขบเคี้ยวและของหวาน,,N,,,,,,,62.00,JC10299,,,Y,,เสงี่ยม มุกดาหาร,62.00,Y,120.00,3.000,6.000,6.000
ข้าวเกรียบงาขาว-5แผ่น,10580,ข้าวเกรียบงาขาว 5แผ่น,ผลิตภัณฑ์ท้องถิ่นนครพนม,,N,,,,,,,40.00,JC10580,,,Y,,นครแบ๋งดา,40.00,Y,55.00,1.000,6.000,6.000
ข้าวเกรียบงาดำ-10แผ่น,10186,ข้าวเกรียบงาดำ 10แผ่น,ผลิตภัณฑ์ท้องถิ่นนครพนม,,N,,,,,,,70.00,JC10186,,,Y,,เจ๊เนย นาจอก,70.00,Y,85.00,1.000,2.000,5.000
ข้าวเกรียบงาดำ-20-แผ่น,10192,ข้าวเกรียบงาดำ 20 แผ่น,ผลิตภัณฑ์ท้องถิ่นนครพนม,,N,,,,,,,140.00,JC10192,,,Y,,นครแบ๋งดา,140.00,Y,165.00,0.000,2.000,5.000
ข้าวเกรียบไรซ์เบอรี่-10แผ่น,10987,ข้าวเกรียบไรซ์เบอรี่ 10แผ่น,ผลิตภัณฑ์ท้องถิ่นนครพนม,,N,,,,,,,80.00,JC10987,,,Y,,เจ๊เนย นาจอก,80.00,Y,99.00,5.000,5.000,10.000
ข้าวแต๋นธัญพืช,10322,ข้าวแต๋นธัญพืช พรเจริญ,ผลิตภัณฑ์ท้องถิ่นนครพนม,,N,,,,,,,32.00,JC10322,,,Y,,พรเจริญ นครพนม,32.00,Y,40.00,6.000,12.000,24.000
ข้าวแต๋นพอดีคำ,10323,ข้าวแต๋นพอดีคำ พรเจริญ,ผลิตภัณฑ์ท้องถิ่นนครพนม,,N,,,,,,,32.00,JC10323,,,Y,,พรเจริญ นครพนม,32.00,Y,35.00,24.000,12.000,24.000
ข้าวแต๋นหวานจุด,10326,ข้าวแต๋นหวานจุก พรเจริญ,ผลิตภัณฑ์ท้องถิ่นนครพนม,,N,,,,,,,31.99,JC10326,,,Y,,พรเจริญ นครพนม,31.99,Y,40.00,28.000,12.000,24.000
ข้าวแต๋นหวานแผ่น,10324,ข้าวแต๋นหวานแผ่น พรเจริญ,ผลิตภัณฑ์ท้องถิ่นนครพนม,,N,,,,,,,32.00,JC10324,,,Y,,พรเจริญ นครพนม,32.00,Y,35.00,6.000,12.000,24.000
ข้าวแต๋นแผ่นดิบ,10906,ข้าวแต๋นแผ่นดิบ,ของแห้งและเครื่องปรุง,,N,,,,,,,25.00,JC10906,,,Y,,,25.00,Y,35.00,5.000,5.000,
ข้าวใหม่ไร้สาร-(ข้าวเหนียว)-1-กก.,10602,ข้าวใหม่ไร้สาร (ข้าวเหนียว) 1 กก.,ผลิตภัณฑ์ท้องถิ่นนครพนม,,N,,,,,,,38.33,JC10602,,,Y,,ข้าวใหม่ไร้สาร,38.33,Y,45.00,2.000,6.000,6.000
ขี้ผึ้งน้ำมันเขียวสกัดเย็น,10397,ขี้ผึ้งน้ำมันเขียวสกัดเย็น,ผลิตภัณฑ์ท้องถิ่นนครพนม,,N,,,,,,,70.00,JC10397,,,Y,,สมุนไพรภูไท,70.00,Y,100.00,11.000,6.000,12.000
คราฟท์โซดามะม่วง-330-ml,10064,คราฟท์โซดามะม่วง 330 ml,โซดาคราฟท์,,N,,,,,,,35.00,JC10064,,,Y,,บริษัท วินเนอร์โฮม จำกัด,35.00,Y,50.00,12.000,12.000,24.000
คราฟท์โซดาลิ้นจี่-330-ml,10117,คราฟท์โซดาลิ้นจี่ 330 ml,โซดาคราฟท์,,N,,,,,,,35.00,JC10117,,,Y,,บริษัท วินเนอร์โฮม จำกัด,35.00,Y,50.00,20.000,12.000,24.000
คราฟท์โซดาสับปะรด-330-ml,10116,คราฟท์โซดาสับปะรด 330 ml,โซดาคราฟท์,,N,,,,,,,35.00,JC10116,,,Y,,บริษัท วินเนอร์โฮม จำกัด,35.00,Y,50.00,24.000,12.000,24.000
คราฟท์โซดาเสาวรส-330-ml,10121,คราฟท์โซดาเสาวรส 330 ml,โซดาคราฟท์,,N,,,,,,,35.00,JC10121,,,Y,,บริษัท วินเนอร์โฮม จำกัด,35.00,Y,50.00,11.000,12.000,24.000
คาพิสแลคโตะโซดา245ml,10027,คาพิสแลคโตะโซดา245ml,น้ำดื่ม เครื่องดื่ม และผงชงดื่ม,,N,,,,,,,12.58,8851123238007,,,Y,,บริษัท สยามแม็คโคร จำกัด (มหาชน),12.58,Y,15.00,15.000,12.000,
คาพิสแลคโตะโซดาพีชซากุระ245ml,10021,คาพิสแลคโตะโซดาพีชซากุระ245ml,น้ำดื่ม เครื่องดื่ม และผงชงดื่ม,,N,,,,,,,12.94,8859183522715,,,Y,,บริษัท สยามแม็คโคร จำกัด (มหาชน),12.94,Y,15.00,24.000,12.000,24.000
คาพิสแลคโตะโซดาองุ่นเคียวโฮ245ml,10043,คาพิสแลคโตะโซดาองุ่นเคียวโฮ245ml,น้ำดื่ม เครื่องดื่ม และผงชงดื่ม,,N,,,,,,,12.80,8859183522814,,,Y,,บริษัท สยามแม็คโคร จำกัด (มหาชน),12.80,Y,15.00,13.000,0.000,
เบียร์คาราบาว-dunkel-beer-490ml.,10674,คาราบาว Dunkel beer 490ml.,เบียร์คราฟท์,,N,,,,,,,45.07,8859753900127,,,Y,,บริษัท ตะวันแดง ดีซีเอ็ม จำกัด,45.07,Y,60.00,102.000,12.000,24.000
เบียร์คาราบาวขวด-620ml.-dunkel-beer,10724,คาราบาว Dunkel beer 620ml.,เบียร์คราฟท์,,N,,,,,,,53.85,8859753900066,,,Y,,บริษัท ตะวันแดง ดีซีเอ็ม จำกัด,53.85,Y,70.00,108.000,,
เบียร์คาราบาวป๋อง-490-มล.-lager-beer-(เขียว),10595,คาราบาว Lager beer 490 ml,เบียร์คราฟท์,,N,,,,,,,45.03,8859753900110,,,Y,,บริษัท ตะวันแดง ดีซีเอ็ม จำกัด,45.03,Y,54.00,110.000,6.000,12.000
เบียร์คาราบาวขวด-620-มล.-lager-beer-(เขียว),10330,คาราบาว Lager beer 620 ml,เบียร์คราฟท์,,N,,,,,,,53.67,8859753900059,,,Y,,บริษัท ตะวันแดง ดีซีเอ็ม จำกัด,53.67,Y,60.00,77.000,6.000,12.000
คาราบาวแดง150ml,10017,คาราบาวแดง150ml,น้ำดื่ม เครื่องดื่ม และผงชงดื่ม,,N,,,,,,,4.71,8855790000011,,,Y,,บริษัท สยามแม็คโคร จำกัด (มหาชน),4.71,Y,10.00,39.000,0.000,
คาลพิสแลคโตะ-ส้มยูสุ,10137,คาลพิสแลคโตะ ส้มยูสุ,น้ำดื่ม เครื่องดื่ม และผงชงดื่ม,,N,,,,,,,14.00,JC10137,,,Y,,บริษัท สยามแม็คโคร จำกัด (มหาชน),0.00,Y,17.00,0.000,1.000,1.000
คูน-สุรากลั่นขนาดเล็ก750ml,10439,คูน สุรากลั่นขนาดเล็ก750ml,สุราชุมชน,,N,,,,,,,580.00,JC10439,,,Y,,วิสาหกิจชุมชนโนนเชือก,580.00,Y,890.00,2.000,6.000,12.000
งาจันทร์-40-ดีกรี-625-ml,10795,งาจันทร์ 40 ดีกรี 625 ml,สุราชุมชน,,N,,,,,,,85.50,8854609010708,,,Y,,,85.50,Y,100.00,12.000,,
จมูกข้าวฮางงอก-6-สายพันธุ์,10679,จมูกข้าวฮางงอก 6 สายพันธุ์ 200 g,ผลิตภัณฑ์ท้องถิ่นนครพนม,,N,,,,,,,190.00,8857124467064,,,Y,,วิสาหกิจชุมชนแปรรูปข้าวคุณเเม่,190.00,Y,249.00,3.000,6.000,6.000
จ๊วด-ชานมไข่มุก,10758,จ๊วด ชานมไข่มุก 360 ml,สุราชุมชน,,N,,,,,,,91.01,8859352300120,,,Y,,บริษัท ดริ้งก์ไว๊ซ์ จำกัด,89.17,Y,159.00,18.000,6.000,12.000
จ๊วด-โคล่า,10757,จ๊วด โคล่า 360 ml,สุราชุมชน,,N,,,,,,,91.88,8859352300137,,,Y,,บริษัท ดริ้งก์ไว๊ซ์ จำกัด,91.25,Y,159.00,10.000,6.000,12.000
จ๊วด-โยเกิร์ต,10759,จ๊วด โยเกิร์ต 360 ml,สุราชุมชน,,N,,,,,,,90.75,8859352300144,,,Y,,บริษัท ดริ้งก์ไว๊ซ์ จำกัด,89.17,Y,159.00,20.000,6.000,12.000
จอมนางจิงเจอร์ที-ชาขิง,10208,จอมนางจิงเจอร์ที ชาขิง 265 ml (โซดาคราฟท์),โซดาคราฟท์,,N,,,,,,,37.03,JC10208,,,Y,,คลาสทาวน์,37.03,Y,50.00,10.000,6.000,12.000
จินตะหลา-330ml,10998,จินตะหลา 330ml,สุราชุมชน,,N,,,,,,,400.00,JC10998,,,Y,,วสช.ปักใต้ (spirit of Songkhla),400.00,Y,529.00,2.000,2.000,2.000
จินตะหลา-750ml.,10061,จินตะหลา 750ml.,สุราชุมชน,,N,,,,,,,762.50,่jc10061,,,Y,,วสช.ปักใต้ (spirit of Songkhla),762.50,Y,900.00,11.000,3.000,3.000
ชากูซ่าองุ่นเคียวโฮ320ml,10029,ชากูซ่าองุ่นเคียวโฮ320ml,น้ำดื่ม เครื่องดื่ม และผงชงดื่ม,,N,,,,,,,12.17,8854698016933,,,Y,,บริษัท สยามแม็คโคร จำกัด (มหาชน),12.17,Y,15.00,35.000,0.000,
ชากูซ่าฮันนี่เลมอน320ml,10011,ชากูซ่าฮันนี่เลมอน320ml,น้ำดื่ม เครื่องดื่ม และผงชงดื่ม,,N,,,,,,,11.81,8854698010672,,,Y,,บริษัท สยามแม็คโคร จำกัด (มหาชน),11.81,Y,15.00,41.000,0.000,
ช้าง-cold-brew--490ml.,10698,ช้าง cold brew  490ml.,เบียร์,,N,,,,,,,47.84,8851993725010,,,Y,,บริษัท แคชแวน แมนเนจเม้นท์ จำกัด,47.84,Y,55.00,218.000,30.000,60.000
ช้าง-cold-brew-ขวด-620ml,10131,ช้าง Cold Brew ขวด 620ml,เบียร์,,N,,,,,,,56.62,8851993716018,,,Y,,บริษัท แคชแวน แมนเนจเม้นท์ จำกัด,56.25,Y,62.00,204.000,60.000,120.000
ช้างคลาสสิค-(ป๋องยาว)490ml,10498,ช้างคลาสสิค (ป๋องยาว)490ml,เบียร์,,N,,,,,,,45.00,8851993625013,,,Y,,บริษัท แคชแวน แมนเนจเม้นท์ จำกัด,0.00,Y,53.00,171.000,30.000,60.000
ช้างคลาสสิค-ขวด-620ml,10074,ช้างคลาสสิค ขวด 620ml,เบียร์,,N,,,,,,,52.58,8851993616011,,,Y,,บริษัท แคชแวน แมนเนจเม้นท์ จำกัด,52.58,Y,60.00,142.000,65.000,130.000
ช้างแกรบ-330-ml,10994,ช้างแกลบ 330 ml,สุราชุมชน,,N,,,,,,,300.00,JC10994,,,Y,,วสช.ปักใต้ (spirit of Songkhla),300.00,Y,390.00,4.000,2.000,2.000
ชาเขียวอิชิตันข้าวญี่ปุ่น420ml,10025,ชาเขียวอิชิตันข้าวญี่ปุ่น420ml,น้ำดื่ม เครื่องดื่ม และผงชงดื่ม,,N,,,,,,,14.52,8858891300264,,,Y,,บริษัท สยามแม็คโคร จำกัด (มหาชน),14.14,Y,20.00,15.000,0.000,
ชาเขียวอิชิตันน้ำผึ้งมะนาว420ml,10047,ชาเขียวอิชิตันน้ำผึ้งมะนาว420ml,น้ำดื่ม เครื่องดื่ม และผงชงดื่ม,,N,,,,,,,14.30,8858891300073,,,Y,,บริษัท สยามแม็คโคร จำกัด (มหาชน),14.30,Y,20.00,33.000,0.000,
ชาเขียวอิชิตันรสต้นตำหรับ420ml,10015,ชาเขียวอิชิตันรสต้นตำหรับ420ml,น้ำดื่ม เครื่องดื่ม และผงชงดื่ม,,N,,,,,,,14.32,8858891300110,,,Y,,บริษัท สยามแม็คโคร จำกัด (มหาชน),14.32,Y,20.00,21.000,0.000,
ชาเวียดนาม-atiso,10170,ชาเวียดนาม ATISO 200 g,กาแฟ,,N,,,,,,,123.85,8935115701349,,,Y,,แคน เซรามิก,123.85,Y,160.00,113.000,48.000,100.000
ชุดถังเล็ก(ถังน้ำอบดินสอพอง),11028,ชุดถังเล็ก(ถังน้ำอบดินสอพอง),สงกรานต์,,N,,,,,,,20.00,JC11028,,,Y,,,20.00,Y,30.00,15.000,,
ซมเซย-330-ml,10940,ซมเซย 330 ml,สุราชุมชน,,N,,,,,,,258.33,JC10940,,,Y,,ซมเซย สับปะรดกลั่น,266.67,Y,390.00,2.000,3.000,
ซมเซย-750ml,10938,ซมเซย 750ml,สุราชุมชน,,N,,,,,,,569.52,JC10938,,,Y,,ซมเซย สับปะรดกลั่น,571.25,Y,690.00,15.000,6.000,12.000
ซองกันน้ำ,11017,ซองกันน้ำ,สงกรานต์,,N,,,,,,,11.85,JC11017,,,Y,,กรุงเทพมหานคร,11.85,Y,25.00,62.000,30.000,60.000
ซอส-mekong--tuong-pho-700g,10360,ซอส Mekong  TUONG PHO 700G,ของแห้งและเครื่องปรุง,,N,,,,,,,60.08,8935037901001,,,Y,,แคน เซรามิก,60.08,Y,109.00,11.000,15.000,15.000
ซี-วิท-รสทับทิม,10313,ซี-วิท รสทับทิม,น้ำดื่ม เครื่องดื่ม และผงชงดื่ม,,N,,,,,,,13.30,,,,Y,,บริษัท ซีพี แอ็กซ์ต้า จำกัด,13.30,Y,16.00,0.000,5.000,
ซี-วิท-รสส้ม,10312,ซี-วิท รสส้ม,น้ำดื่ม เครื่องดื่ม และผงชงดื่ม,,N,,,,,,,13.30,,,,Y,,บริษัท ซีพี แอ็กซ์ต้า จำกัด,13.30,Y,16.00,0.000,5.000,
ซี-วิท-รสเลมอน,10310,ซี-วิท รสเลมอน,น้ำดื่ม เครื่องดื่ม และผงชงดื่ม,,N,,,,,,,13.30,,,,Y,,บริษัท ซีพี แอ็กซ์ต้า จำกัด,13.30,Y,16.00,0.000,5.000,
ดินสอพอง,11031,ดินสอพอง,สงกรานต์,,N,,,,,,,0.00,JC11031,,,Y,,,0.00,Y,10.00,0.000,,
ต๊ะตอนยอน--มิกซ์เบอร์รี่-700ml,10918,ต๊ะตอนยอน  มิกซ์เบอร์รี่ 700ml,สุราชุมชน,,N,,,,,,,306.67,8857128972694,,,Y,,วิสาหกิจชุมชน สุราแช่ชุมชนบ้านดอนแก่ง LANNA SATO,306.67,Y,399.00,1.000,1.000,3.000
ต๊ะตอนยอน--ลิ้นจี่-700ml,10858,ต๊ะตอนยอน  ลิ้นจี่ 700ml,สุราชุมชน,,N,,,,,,,306.67,8857128972687,,,Y,,วิสาหกิจชุมชน สุราแช่ชุมชนบ้านดอนแก่ง LANNA SATO,306.67,Y,399.00,0.000,1.000,3.000
ต๊ะตอนยอน-แอปเปิ้ลเขียว-700ml,10919,ต๊ะตอนยอน แอปเปิ้ลเขียว 700ml,สุราชุมชน,,N,,,,,,,306.67,8857128972632,,,Y,,วิสาหกิจชุมชน สุราแช่ชุมชนบ้านดอนแก่ง LANNA SATO,306.67,Y,399.00,2.000,3.000,3.000
tawandang-ipa-320ml,11037,ตะวันแดง IPA 320ml,เบียร์คราฟท์,,N,,,,,,,40.17,8859753900172,,,Y,,บริษัท ตะวันแดง ดีซีเอ็ม จำกัด,40.17,Y,45.00,112.000,60.000,120.000
ตะวันแดง-ipa-490ml,10774,ตะวันแดง IPA 490ml,เบียร์,,N,,,,,,,53.14,8859753900097,,,Y,,บริษัท ตะวันแดง ดีซีเอ็ม จำกัด,53.14,Y,60.00,94.000,17.000,36.000
เบียร์ตะวันแดง-โรเซ่-490ml.,10675,ตะวันแดง Rose 490ml.,เบียร์,,N,,,,,,,53.08,8859753900080,,,Y,,บริษัท ตะวันแดง ดีซีเอ็ม จำกัด,53.08,Y,60.00,93.000,12.000,24.000
เบียร์ตะวันแดงป๋อง-ไวเซ่น-490-มล.-(ขาว),10597,ตะวันแดง WeiZen 490 ml,เบียร์,,N,,,,,,,53.24,8859753900073,,,Y,,บริษัท ตะวันแดง ดีซีเอ็ม จำกัด,53.24,Y,60.00,72.000,6.000,12.000
ต่างหู,11020,ต่างหู,ของที่ระลึก,,N,,,,,,,30.00,JC11020,,,Y,,,30.00,Y,50.00,12.000,15.000,30.000
ตุ้กตาหมีผ้าขาวม้า-sti,10807,ตุ้กตาหมีผ้าขาวม้า STI (บ้านหนองจันทร์),ของที่ระลึก,,N,,,,,,,90.00,JC10807,,,Y,,ผ้าขาวม้าสติ,90.00,Y,120.00,10.000,5.000,10.000
ตุ๊กตาเวียดนาม,10253,ตุ๊กตาเวียดนาม,ของที่ระลึก,,N,,,,,,,120.00,JC10253,,,Y,,เจ๊หงส์ของฝากเวียดนาม,120.00,Y,250.00,6.000,6.000,6.000
ถ้วยกรองกาแฟ-7q-coffee-filter,10171,ถ้วยกรองกาแฟ 7Q Coffee Filter,กาแฟ,,N,,,,,,,38.80,JC10171,,,Y,,แคน เซรามิก,38.80,Y,60.00,65.000,24.000,48.000
ถ้วยกรองกาแฟ-8q-coffee-filter,10172,ถ้วยกรองกาแฟ 8Q Coffee Filter,กาแฟ,,N,,,,,,,40.80,JC10172,,,Y,,แคน เซรามิก,40.80,Y,65.00,69.000,24.000,48.000
ถังใหญ่,11030,ถังใหญ่,สงกรานต์,,N,,,,,,,18.00,JC11030,,,Y,,,18.00,Y,20.00,15.000,,
ถั่วพิตาชิโออบเกลือ-กู๊ดดี้-500g,10492,ถั่วพิตาชิโออบเกลือ กู๊ดดี้ 500g,ขนมขบเคี้ยวและของหวาน,,N,,,,,,,215.03,8859380301472,,,Y,,บริษัท รวิสรา อินดัสตรี้ จำกัด,215.03,Y,269.00,0.000,,20.000
ถั่วอัลมอนด์อบเกลือ-กู๊ดดี้-500g,10456,ถั่วอัลมอนด์อบเกลือ กู๊ดดี้ 500g,ขนมขบเคี้ยวและของหวาน,,N,,,,,,,240.10,8859380301441,,,Y,,บริษัท รวิสรา อินดัสตรี้ จำกัด,240.10,Y,280.00,0.000,,20.000
ถุงผ้า-600d-สีขาว-ทรงแบน-ขนาด-13*15,10850,ถุงผ้า 600D สีขาว ทรงแบน ขนาด 13*15,ของที่ระลึก,,N,,,,,,,45.00,JC10850,,,Y,,บริษัท ยูไนเต็ด การ์เม้นท์ จำกัด,45.00,Y,79.00,60.000,50.000,100.000
ถุงผ้ากระสอบ-ทรงกล่อง-ขนาด-15*13*4-นิ้ว,10866,ถุงผ้ากระสอบ ทรงกล่อง ขนาด 15*13*4 นิ้ว,ของที่ระลึก,,N,,,,,,,106.00,JC10866,,,Y,,บริษัท ยูไนเต็ด การ์เม้นท์ จำกัด,106.00,Y,159.00,51.000,50.000,50.000
ถุงไวน์,10169,ถุงไวน์,ของที่ระลึก,,N,,,,,,,9.40,JC10169,,,Y,,Shopee,9.40,Y,15.00,4.000,25.000,50.000
ทองม้วน,10325,ทองม้วน พรเจริญ,ขนมขบเคี้ยวและของหวาน,,N,,,,,,,32.00,JC10325,,,Y,,พรเจริญ นครพนม,32.00,Y,35.00,15.000,12.000,24.000
ทุเรียนทอดกระปุก-150-g,10367,ทุเรียนทอดกระปุก 150 g,ขนมขบเคี้ยวและของหวาน,,N,,,,,,,148.00,8857127227056,,,Y,,แม่โสภา,148.00,Y,180.00,0.000,12.000,24.000
นางเรียม-330ml,10996,นางเรียม 330ml,สุราชุมชน,,N,,,,,,,200.00,JC10996,,,Y,,วสช.ปักใต้ (spirit of Songkhla),200.00,Y,269.00,0.000,1.000,2.000
น้ำดื่มสิงห์-600-มล.,10336,น้ำดื่มสิงห์ 600 มล.,น้ำดื่ม เครื่องดื่ม และผงชงดื่ม,,N,,,,,,,4.73,8850999321004,,,Y,,บริษัท สยามแม็คโคร จำกัด (มหาชน),4.73,Y,7.00,12.000,15.000,30.000
น้ำถัง,10902,น้ำถัง,,,N,,,,,,,5.00,JC10902,,,N,,,,Y,10.00,,,
น้ำปลาเวียดนาม,10862,น้ำปลาเวียดนาม 500 ml,ของแห้งและเครื่องปรุง,,N,,,,,,,62.79,8936221048076,,,Y,,แคน เซรามิก,61.75,Y,90.00,23.000,24.000,48.000
น้ำปลาเวียดนาม-750-ml,10058,น้ำปลาเวียดนาม 750 ml,ของแห้งและเครื่องปรุง,,N,,,,,,,86.36,8936221048083,,,Y,,แคน เซรามิก,58.33,Y,119.00,0.000,18.000,36.000
น้ำผึ้งดอกไม้ป่า-ขวดใหญ่,10293,น้ำผึ้งดอกไม้ป่า 1000 ml,ผลิตภัณฑ์ท้องถิ่นนครพนม,,N,,,,,,,125.23,JC10293,,,Y,,เขมจิรา,125.23,Y,200.00,16.000,12.000,24.000
น้ำผึ้งดอกไม้ป่าขวดกลาง,10294,น้ำผึ้งดอกไม้ป่า 450 ml,ผลิตภัณฑ์ท้องถิ่นนครพนม,,N,,,,,,,58.75,JC10294,,,Y,,เขมจิรา,58.75,Y,100.00,1.000,12.000,24.000
น้ำผึ้งบิ๊กเป้งแบรนด์1000ml,10123,น้ำผึ้งบิ๊กเป้งแบรนด์1000ml,ผลิตภัณฑ์ท้องถิ่นนครพนม,,N,,,,,,,150.00,3341300220253,,,Y,,บิ๊กเป้งแบรนด์,150.00,Y,200.00,27.000,24.000,36.000
น้ำมันเขียวยางนา(พิมานยางนา24ml.),10301,น้ำมันเขียวยางนา(พิมานยางนา24ml.),ผลิตภัณฑ์ท้องถิ่นนครพนม,,N,,,,,,,49.19,JC10301,,,Y,,บ้านพิมาน,49.19,Y,59.00,0.000,10.000,10.000
น้ำมันเขียวสกัดเย็น,10398,น้ำมันเขียวสกัดเย็น,ผลิตภัณฑ์ท้องถิ่นนครพนม,,N,,,,,,,70.00,JC10398,,,Y,,สมุนไพรภูไท,70.00,Y,100.00,15.000,6.000,12.000
น้ำอบ,11032,น้ำอบ,สงกรานต์,,N,,,,,,,0.00,JC11032,,,Y,,,,Y,30.00,10.000,,
น้ำเกสรดอกมะพร้าว,10311,น้ำเกสรดอกมะพร้าว 320 ml,น้ำดื่ม เครื่องดื่ม และผงชงดื่ม,,N,,,,,,,42.86,JC10311,,,Y,,น้ำเกสรดอกมะพร้าวตราแม่กลอง,42.86,Y,59.00,0.000,,
น้ำแข็งกระสอบ,10901,น้ำแข็งกระสอบ,,,N,,,,,,,60.00,JC10901,,,N,,,,Y,80.00,,,
น้ำแข็งถุง-10-บาท,10803,น้ำแข็งถุง 10 บาท,น้ำดื่ม เครื่องดื่ม และผงชงดื่ม,,N,,,,,,,5.00,,,,N,,,,Y,10.00,,,
น้ำแร่มองต์เฟลอ500ml,10020,น้ำแร่มองต์เฟลอ500ml,น้ำดื่ม เครื่องดื่ม และผงชงดื่ม,,N,,,,,,,7.73,8851530111009,,,Y,,บริษัท สยามแม็คโคร จำกัด (มหาชน),8.18,Y,12.00,78.000,30.000,60.000
นิยมไทย40ดีกรี-(เล็ก),10223,นิยมไทย40ดีกรี 330 ml,สุรา,,N,,,,,,,53.76,8855155000304,,,Y,,บริษัท แคชแวน แมนเนจเม้นท์ จำกัด,53.76,Y,70.00,45.000,6.000,12.000
นิยมไทย40ดีกรี-(ใหญ่),10361,นิยมไทย40ดีกรี 625 ml,สุรา,,N,,,,,,,96.20,8855155000397,,,Y,,บริษัท แคชแวน แมนเนจเม้นท์ จำกัด,96.20,Y,125.00,11.000,6.000,12.000
บ๊วย-5-รส--300กรัม,10649,บ๊วย 5 รส  300กรัม,ขนมขบเคี้ยวและของหวาน,,N,,,,,,,28.42,JC10649,,,Y,,บริษัท รวิสรา อินดัสตรี้ จำกัด,28.42,Y,69.00,76.000,33.000,66.000
บ๊วยซากุระ,10062,บ๊วยซากุระ ดำ  300 g,ขนมขบเคี้ยวและของหวาน,,N,,,,,,,23.31,JC10062,,,Y,,บริษัท รวิสรา อินดัสตรี้ จำกัด,23.31,Y,69.00,58.000,24.000,48.000
บ๊วยรวมผลไม้1kg-sour-sweet,10148,บ๊วยรวมผลไม้ Sour Sweet 1kg,ขนมขบเคี้ยวและของหวาน,,N,,,,,,,60.80,8859007201819,,,Y,,บริษัท รวิสรา อินดัสตรี้ จำกัด,65.33,Y,120.00,9.000,12.000,24.000
บ๊วยรวมรส250g,10236,บ๊วยรวมรส250g Sour Sweet,ขนมขบเคี้ยวและของหวาน,,N,,,,,,,13.44,8859007201857,,,Y,,บริษัท รวิสรา อินดัสตรี้ จำกัด,13.44,Y,35.00,12.000,24.000,48.000
บ๊วยอุเมะ-ไอซ์ทีโซดา,10092,บ๊วยอุเมะ ไอซ์ทีโซดา  265 ml (โซดาคราฟท์),โซดาคราฟท์,,N,,,,,,,37.08,JC10092,,,Y,,คลาสทาวน์,37.08,Y,50.00,6.000,6.000,12.000
บ๊วยเค็ม,10050,บ๊วยเค็ม 200 g,ขนมขบเคี้ยวและของหวาน,,N,,,,,,,25.46,JC10050,,,Y,,บริษัท รวิสรา อินดัสตรี้ จำกัด,25.46,Y,35.00,109.000,12.000,24.000
ไวน์บำเรอ750ml,10457,บำเรอ Dry white (ไวน์ขาว สายพันธุ์ ชาดอนเนย์)750ml,ไวน์,,N,,,,,,,425.71,JC10457,,,Y,,บริษัท ทองคำ เอสเตท จำกัด,425.71,Y,599.00,14.000,3.000,6.000
ปลากระจก-230g,10830,ปลากระจก 230g,ของแห้งและเครื่องปรุง,,N,,,,,,,30.75,JC10830,,,Y,,,30.75,Y,80.00,6.000,6.000,6.000
ปลาชิวแก้ว,10197,ปลาซิวแก้ว แม่น้ำโขง230g,ผลิตภัณฑ์ท้องถิ่นนครพนม,,N,,,,,,,55.57,JC10197,,,Y,,หนูเรียง,55.57,Y,100.00,1.000,12.000,24.000
ปลาปีก-ลุ่มแม่น้ำโขง,10625,ปลาปีก ลุ่มแม่น้ำโขง 80 g (บ้านยางงอย),ผลิตภัณฑ์ท้องถิ่นนครพนม,,N,,,,,,,80.00,JC10625,,,Y,,กลุ่มแปรรูปผลิตภัณฑ์จากปลา บ้านยางงอย,80.00,Y,100.00,1.000,4.000,8.000
ปลารากกล้วย-ลุ่มแม่น้ำโขง,10693,ปลารากกล้วย ลุ่มแม่น้ำโขง 60 g (บ้านยางงอย),ผลิตภัณฑ์ท้องถิ่นนครพนม,,N,,,,,,,80.05,JC10693,,,Y,,กลุ่มแปรรูปผลิตภัณฑ์จากปลา บ้านยางงอย,80.05,Y,100.00,8.000,3.000,6.000
ปลาร้านัวร์นครพนม,10399,ปลาร้านัวร์นครพนม,ผลิตภัณฑ์ท้องถิ่นนครพนม,,N,,,,,,,25.42,8859657222790,,,Y,,เถ้าแก่กี้,25.42,Y,45.00,114.000,50.000,100.000
ปลาร้านัวร์นครพนม-400-ml-ชุด-12-ขวด,10875,ปลาร้านัวร์นครพนม 400 ml (ชุด 12 ขวด),ผลิตภัณฑ์ท้องถิ่นนครพนม,,N,,,,,,,,JC10875,10399,12.000,N,N,,,Y,540.00,,,
ปลาร้านัวร์นครพนม-400-ml-ชุด-6-ขวด,10874,ปลาร้านัวร์นครพนม 400 ml (ชุด 6 ขวด),ผลิตภัณฑ์ท้องถิ่นนครพนม,,N,,,,,,,,JC10874,10399,6.000,N,N,,,Y,270.00,,,
ปลาร้าบองสุก-แม่หงส์,10742,ปลาร้าบองสุก แม่หงส์,ของแห้งและเครื่องปรุง,,N,,,,,,,43.71,8859657223049,,,Y,,เถ้าแก่กี้,43.71,Y,55.00,29.000,50.000,100.000
ปลาร้าบองสุก-แม่หงส์-175g-(ชุด3กระปุก),10876,ปลาร้าบองสุก แม่หงส์ 175g (ชุด3กระปุก),ผลิตภัณฑ์ท้องถิ่นนครพนม,,N,,,,,,,,JC10876,10742,3.000,N,N,,,Y,165.00,,,
ปลาร้าบองสุก-แม่หงส์-175g-(ชุด6กระปุก),10877,ปลาร้าบองสุก แม่หงส์ 175g (ชุด6กระปุก),ผลิตภัณฑ์ท้องถิ่นนครพนม,,N,,,,,,,,JC10877,10742,6.000,N,N,,,Y,330.00,,,
ปลาวง,10627,ปลาวง,ของแห้งและเครื่องปรุง,,N,,,,,,,44.00,JC10627,,,Y,,หนูเรียง,44.00,Y,80.00,0.000,7.000,15.000
ปลาวง(ปลาเนื้ออ่อน),10971,ปลาวง(ปลาเนื้ออ่อน),ผลิตภัณฑ์ท้องถิ่นนครพนม,,N,,,,,,,67.00,JC10971,,,Y,,กลุ่มแปรรูปผลิตภัณฑ์จากปลา บ้านยางงอย,67.00,Y,85.00,0.000,6.000,12.000
ปลาส้ม1000g-(ชิ้น),10760,ปลาส้ม ชิ้นหนัง 1000g (ศรีสงคราม),อาหารสด,,N,,,,,,,110.78,JC10760,,,Y,,เจ้จิ๊บ ปลาส้มศรีสงคราม,104.71,Y,150.00,5.000,3.000,9.000
ปลาส้มตะเพียน(ตัว),10712,ปลาส้ม ตัว 1000g (ศรีสงคราม),อาหารสด,,N,,,,,,,116.00,JC10712,,,Y,,เจ้จิ๊บ ปลาส้มศรีสงคราม,103.33,Y,150.00,7.000,3.000,9.000
ปลาส้ม500g(แผ่น),10761,ปลาส้ม แผ่น 500g (ศรีสงคราม),อาหารสด,,N,,,,,,,104.53,JC10761,,,Y,,เจ้จิ๊บ ปลาส้มศรีสงคราม,104.53,Y,135.00,0.000,3.000,6.000
ปลาสร้อย-(วง),10933,ปลาสร้อย (วง),ของแห้งและเครื่องปรุง,,N,,,,,,,34.31,JC10933,,,Y,,กลุ่มแปรรูปผลิตภัณฑ์จากปลา บ้านยางงอย,104.53,Y,60.00,0.000,5.000,12.000
ปลาเนื้ออ่อนตากแห้ง,10283,ปลาเนื้ออ่อนตากแห้ง 30g,ของแห้งและเครื่องปรุง,,N,,,,,,,43.53,JC10283,,,Y,,ราชาปลาแห้ง,43.53,Y,100.00,9.000,12.000,36.000
ปลาเนื้ออ่อนใหญ่--80g,10797,ปลาเนื้ออ่อนใหญ่  80 g (บ้านยางงอย),ผลิตภัณฑ์ท้องถิ่นนครพนม,,N,,,,,,,80.00,JC10797,,,Y,,กลุ่มแปรรูปผลิตภัณฑ์จากปลา บ้านยางงอย,80.00,Y,120.00,0.000,6.000,12.000
ปลาเบน-200-g,10592,ปลาเบน 100 g,ของแห้งและเครื่องปรุง,,N,,,,,,,69.00,JC10592,,,Y,,อาหารทะเลแห้งซอลซี,69.00,Y,100.00,0.000,10.000,20.000
ปลาแขยง-115g,10798,ปลาแขยง 100 g (บ้านยางงอย),ผลิตภัณฑ์ท้องถิ่นนครพนม,,N,,,,,,,80.00,JC10798,,,Y,,กลุ่มแปรรูปผลิตภัณฑ์จากปลา บ้านยางงอย,80.00,Y,120.00,2.000,6.000,12.000
ปลาแขยง-ลุ่มแม่นำสงคราม,10275,ปลาแขยง ลุ่มแม่นำสงคราม 70 g (บ้านยางงอย),ผลิตภัณฑ์ท้องถิ่นนครพนม,,N,,,,,,,50.00,JC10275,,,Y,,กลุ่มแปรรูปผลิตภัณฑ์จากปลา บ้านยางงอย,50.00,Y,69.00,0.000,6.000,12.000
ปลาใบไผ่-200-g,10743,ปลาใบไผ่ 200 g,ของแห้งและเครื่องปรุง,,N,,,,,,,64.00,JC10743,,,Y,,อาหารทะเลแห้งซอลซี,64.00,Y,100.00,1.000,5.000,10.000
ปังญวณ(หมูยอกุนเชียง)-3ขิ้น-พร้อมน้ำราด,10775,ปังญวน ไส้หมูยอกุนเชียง 3ชิ้น พร้อมน้ำราด,อาหารสด,,N,,,,,,,50.00,JC10775,,,Y,,เจอกันคราฟท์,50.00,Y,69.00,9.000,6.000,12.000
ผงปรุงรส-รสแจ่วฮ้อน-(ตรา-เจอกัน-นครพนม),10175,ผงแจ่วฮ้อน (ตรา เจอกันนครพนม),ของแห้งและเครื่องปรุง,,N,,,,,,,75.00,JC10175,,,Y,,บริษัท โอเพนแลนด์ ซีซันนิ่ง จำกัด,75.00,Y,89.00,336.000,300.000,600.000
ผักผลไม้อบกรอบห่อส้ม100g-huynh-de-te-hung,10038,ผักผลไม้อบกรอบห่อส้ม100g HUYNH DE TE HUNG,ขนมขบเคี้ยวและของหวาน,,N,,,,,,,25.33,8936002400666,,,Y,,เสงี่ยม มุกดาหาร,25.33,Y,35.00,63.000,24.000,60.000
ผักผลไม้อบกรอบห่อส้ม250g-huynh-de-te-hung,10037,ผักผลไม้อบกรอบห่อส้ม250g HUYNH DE TE HUNG,ขนมขบเคี้ยวและของหวาน,,N,,,,,,,51.29,8936002400536,,,Y,,เสงี่ยม มุกดาหาร,51.39,Y,70.00,68.000,,48.000
ผ้าขาวม้าดอกไม้-sti,10230,ผ้าขาวม้าดอกไม้ STI (บ้านหนองจันทร์),ของที่ระลึก,,N,,,,,,,90.00,JC10230,,,Y,,ผ้าขาวม้าสติ,90.00,Y,120.00,11.000,0.000,1.000
ผ้าขาวม้าม้วน-sti,10811,ผ้าขาวม้าม้วน STI (บ้านหนองจันทร์),ของที่ระลึก,,N,,,,,,,60.00,JC10811,,,Y,,ผ้าขาวม้าสติ,60.00,Y,80.00,4.000,6.000,6.000
ผ้าพันคอย้อมคราม-พร้อมกล่อง,10374,ผ้าพันคอย้อมคราม พร้อมกล่อง,ของที่ระลึก,,N,,,,,,,240.00,JC10374,,,Y,,บ้านพิมาน,240.00,Y,300.00,13.000,5.000,10.000
ผ้าพันคอย้อมเปลือกไม้-พร้อมกล่อง,10378,ผ้าพันคอย้อมเปลือกไม้ พร้อมกล่อง,ของที่ระลึก,,N,,,,,,,129.18,JC10378,,,Y,,บ้านพิมาน,129.18,Y,200.00,14.000,5.000,10.000
พวงกุญแจกระต่าย,10174,พวงกุญแจกระต่าย,ของที่ระลึก,,N,,,,,,,33.00,JC10174,,,Y,,บ้านพิมาน,33.00,Y,50.00,11.000,10.000,30.000
พวงกุญแจช้าง,10222,พวงกุญแจช้าง,ของที่ระลึก,,N,,,,,,,33.00,JC10222,,,Y,,บ้านพิมาน,33.00,Y,50.00,3.000,10.000,30.000
พวงกุณแจดอกกันเกรา-(ตะขอเงิน),10227,พวงกุญแจดอกกันเกรา (กุญแจเล็ก),ผลิตภัณฑ์ท้องถิ่นนครพนม,,N,,,,,,,10.40,JC10227,,,Y,,บ้านพิมาน,10.40,Y,20.00,2.000,5.000,5.000
พวงกุญแจดอกกันเกรา-(ตะขอทอง),10220,พวงกุญแจดอกกันเกรา (กุญแจใหญ่),ผลิตภัณฑ์ท้องถิ่นนครพนม,,N,,,,,,,20.40,JC10220,,,Y,,บ้านพิมาน,20.40,Y,30.00,0.000,5.000,5.000
พวงกุญตุ๊กตาชนเผ่า,10368,พวงกุญแจตุ๊กตาชนเผ่า,ผลิตภัณฑ์ท้องถิ่นนครพนม,,N,,,,,,,20.00,JC10368,,,Y,,บ้านพิมาน,20.00,Y,30.00,5.000,6.000,6.000
พวงกุญแจตุ๊กตาผ้าคราม,10155,พวงกุญแจตุ๊กตาผ้าคราม,ของที่ระลึก,,N,,,,,,,30.00,JC10155,,,Y,,บ้านพิมาน,30.00,Y,50.00,40.000,10.000,20.000
พวงกุญแจนกฮูก,10934,พวงกุญแจนกฮูก,ของที่ระลึก,,N,,,,,,,30.00,JC10934,,,Y,,บ้านพิมาน,30.00,Y,50.00,0.000,5.000,12.000
พวงกุญแจปลา,10259,พวงกุญแจปลา,ของที่ระลึก,,N,,,,,,,31.46,JC10259,,,Y,,บ้านพิมาน,31.46,Y,50.00,0.000,10.000,30.000
พวงกุญแจแมว,10238,พวงกุญแจแมว,ของที่ระลึก,,N,,,,,,,33.00,JC10238,,,Y,,บ้านพิมาน,33.00,Y,50.00,0.000,10.000,30.000
พัดเวียดนาม,10824,พัดเวียดนาม เกรด A (หลายสี),ของที่ระลึก,,N,,,,,,,12.68,JC10824,,,Y,,เจ๊หงส์ของฝากเวียดนาม,14.13,Y,50.00,65.000,25.000,48.000
พัดเวียดนาม-เกรด-b-(สีเดียว),10138,พัดเวียดนาม เกรด B (สีเดียว),ของที่ระลึก,,N,,,,,,,10.14,JC10138,,,Y,,เจ๊หงส์ของฝากเวียดนาม,10.14,Y,40.00,93.000,50.000,100.000
พายแอปเปิ้ล-พาราไดซ์,10094,พายแอปเปิ้ล พาราไดซ์ 265 ml (โซดาคราฟท์),โซดาคราฟท์,,N,,,,,,,37.08,JC10094,,,Y,,คลาสทาวน์,37.08,Y,50.00,5.000,6.000,12.000
พีชซีโร่,10444,พีชซีโร่ 265 ml (โซดาคราฟท์),โซดาคราฟท์,,N,,,,,,,37.08,JC10444,,,Y,,คลาสทาวน์,37.08,Y,50.00,5.000,2.000,4.000
พุทธาเชื่อมกระปุก,10701,พุทธาเชื่อมกระปุก 230g,ขนมขบเคี้ยวและของหวาน,,N,,,,,,,25.96,JC10701,,,Y,,อัยย์อุ่นผล ไม้อบแห้ง,25.96,Y,35.00,0.000,0.000,50.000
พุทธาแห้ง-350กรัม,10700,พุทธาแห้ง 350กรัม,ขนมขบเคี้ยวและของหวาน,,N,,,,,,,33.21,JC10700,,,Y,,บริษัท รวิสรา อินดัสตรี้ จำกัด,33.21,Y,45.00,14.000,,28.000
ฟ็อกซี่บลูเบอรี่เลม่อน,10207,ฟ็อกซี่บลูเบอรี่เลม่อน 265 ml (โซดาคราฟท์),โซดาคราฟท์,,N,,,,,,,37.08,JC10207,,,Y,,คลาสทาวน์,37.08,Y,50.00,7.000,6.000,12.000
ฟ็อกซี่พาสชั่นสับปะรด,10206,ฟ็อกซี่พาสชั่นสับปะรด  265 ml (โซดาคราฟท์),โซดาคราฟท์,,N,,,,,,,37.08,JC10206,,,Y,,คลาสทาวน์,37.08,Y,50.00,3.000,6.000,12.000
ฟ๊อกซี่พีชส้ม,10097,ฟ็อกซี่พีชส้ม 265 ml (โซดาคราฟท์),โซดาคราฟท์,,N,,,,,,,35.09,JC10097,,,Y,,คลาสทาวน์,35.09,Y,50.00,7.000,6.000,12.000
ฟ๊อกซี่สตอเบอรี่เมล่อน,10090,ฟ็อกซี่สตอเบอรี่เมล่อน 265 ml (โซดาคราฟท์),โซดาคราฟท์,,N,,,,,,,35.98,JC10090,,,Y,,คลาสทาวน์,35.98,Y,50.00,9.000,6.000,12.000
ฟ็อกซี่แตงโมเลม่อน,10199,ฟ็อกซี่แตงโมเลม่อน 265 ml (โซดาคราฟท์),โซดาคราฟท์,,N,,,,,,,37.11,JC10199,,,Y,,คลาสทาวน์,37.11,Y,50.00,9.000,6.000,12.000
ภาพ,10575,ภาพวาดเวียดนาม,ของที่ระลึก,,N,,,,,,,78.00,JC10575,,,Y,,เจ๊หงส์ของฝากเวียดนาม,78.00,Y,150.00,1.000,5.000,10.000
ภูทับเบิก330ml.,10986,ภูทับเบิก330ml.,สุราชุมชน,,N,,,,,,,266.67,JC10986,,,Y,,วิสาหกิจชุมชนภูแลนคา ไวท์,266.67,Y,450.00,7.000,5.000,12.000
ภูเสม็ด-330ml,10055,ภูเสม็ด 330ml,สุราชุมชน,,N,,,,,,,350.00,JC10055,,,Y,,,350.00,Y,450.00,11.000,3.000,
ม่อนดอย-ขวดแบน35%-330ml.,10662,ม่อนดอย ขวดแบน35% 330ml.,สุราชุมชน,,N,,,,,,,205.00,JC10662,,,Y,,หจก ม่อนดอยดีกรี,205.00,Y,299.00,0.000,1.000,
ม่อนดอย-ขวดแบน40%-330-ml,10648,ม่อนดอย ขวดแบน40% 330 ml,สุราชุมชน,,N,,,,,,,225.00,JC10648,,,Y,,หจก ม่อนดอยดีกรี,225.00,Y,349.00,0.000,1.000,
ม่อนดอยดีกรี750ml,10525,ม่อนดอยดีกรี  35% 750ml,สุราชุมชน,,N,,,,,,,480.00,JC10525,,,Y,,หจก ม่อนดอยดีกรี,480.00,Y,690.00,2.000,3.000,3.000
ม่อนดอยดีกรี-ขวดใส40%-750ml,10623,ม่อนดอยดีกรี 40% 750ml,สุราชุมชน,,N,,,,,,,453.07,JC10623,,,Y,,หจก ม่อนดอยดีกรี,453.07,Y,699.00,12.000,1.000,
มะขามคลุกบ๊วย-250g,10427,มะขามคลุกบ๊วย 250G,ขนมขบเคี้ยวและของหวาน,,N,,,,,,,34.45,JC10427,,,Y,,ร้านบ้านไอ,34.45,Y,45.00,17.000,,38.000
มะม่วงหยีน้ำตาล-150g,10370,มะม่วงหยีน้ำตาล 150G,ขนมขบเคี้ยวและของหวาน,,N,,,,,,,14.09,JC10370,,,Y,,ร้านบ้านไอ,14.09,Y,35.00,7.000,,65.000
มะม่วงอบแห้ง-200-g,10355,มะม่วงอบแห้ง 200 g,ขนมขบเคี้ยวและของหวาน,,N,,,,,,,29.75,JC10355,,,Y,,บริษัท รวิสรา อินดัสตรี้ จำกัด,29.75,Y,45.00,82.000,50.000,100.000
มันหวานญี่ปุ่นหนึบ-400กรัม,10218,มันหวานญี่ปุ่นหนึบ 400กรัม,ขนมขบเคี้ยวและของหวาน,,N,,,,,,,45.23,JC10218,,,Y,,อัยย์อุ่นผล ไม้อบแห้ง,45.23,Y,120.00,8.000,,24.000
ม้านิลมังกร-มังคุด-330-ml,10391,ม้านิลมังกร มังคุด 330 ml,สุราชุมชน,,N,,,,,,,305.00,JC10391,,,Y,,บริษัท ระยองพรีเมียมคราฟต์ สปิริตส์ จำกัด,0.00,Y,399.00,0.000,6.000,15.000
ม้านิลมังกรเงาะ-330-ml,10390,ม้านิลมังกรเงาะ 330 ml,สุราชุมชน,,N,,,,,,,305.00,JC10390,,,Y,,บริษัท ระยองพรีเมียมคราฟต์ สปิริตส์ จำกัด,305.00,Y,399.00,5.000,6.000,15.000
มิ๊กเบอร์รี่,10363,มิ๊กเบอร์รี่,ขนมขบเคี้ยวและของหวาน,,N,,,,,,,63.00,JC10363,,,Y,,ชัชฎา ค้าส่ง,63.00,Y,99.00,19.000,20.000,40.000
ยกถาด-zatocolabomb-320-ml-x-12-กระป๋อง,10153,ยกถาด ZatoColaBomb 320 ml x 12 กระป๋อง,เบียร์,,N,,,,,,,,18850486100577,10151,12.000,N,N,,,Y,360.00,,,
ยกถาด-zatolemonlimefizz320-ml-x-12,10792,ยกถาด ZatoLemonLimeFizz320 ml x 12,เบียร์,,N,,,,,,,,18850486100560,10152,12.000,N,N,,,Y,360.00,,,
ยกถาด-คาราบาว-dunkel-beer-490-ml-x-12-กระป๋อง,11022,ยกถาด คาราบาว Dunkel beer 490 ml x 12 กระป๋อง,เบียร์คราฟท์,,N,,,,,,,,็JC11022,10674,12.000,N,N,,,Y,659.00,,,
ยกถาด-คาราบาว-lager-beer-490-ml-x-12-กระป๋อง,11021,ยกถาด คาราบาว Lager beer 490 ml x 12 กระป๋อง,เบียร์คราฟท์,,N,,,,,,,,JC11021,10595,12.000,N,N,,,Y,619.00,,,
ยกถาด-ช้าง-cold-brew-12x490-ml,10334,ยกถาด ช้าง Cold Brew 12x490 ml,เบียร์,,N,,,,,,,,8851993725058,10698,12.000,N,N,,,Y,620.00,,,
ยกถาด-ช้างคลาสสิค-15x490-ml,10335,ยกถาด ช้างคลาสสิค 15x490 ml,เบียร์,,N,,,,,,,,8851993625181,10498,15.000,N,N,,,Y,730.00,,,
ยกถาด-ตะวันแดง-ipa-490ml-x-12-กระป๋อง,11025,ยกถาด ตะวันแดง IPA 490ml x 12 กระป๋อง,เบียร์คราฟท์,,N,,,,,,,,JC11025,10774,12.000,N,N,,,Y,700.00,,,
ยกถาด-ตะวันแดง-rose-490ml-x-12-กระป๋อง,11026,ยกถาด ตะวันแดง Rose 490ml x 12 กระป๋อง,เบียร์คราฟท์,,N,,,,,,,,JC11026,10675,12.000,N,N,,,Y,700.00,,,
ยกถาด-ตะวันแดง-weizen-490ml-x-12-กระป๋อง,11027,ยกถาด ตะวันแดง WeiZen 490ml x 12 กระป๋อง,เบียร์คราฟท์,,N,,,,,,,,JC11027,10597,12.000,N,N,,,Y,700.00,,,
ยกถาด-ลีโอกระป๋อง-12x490-ml,10317,ยกถาด ลีโอกระป๋อง 12x490 ml,น้ำดื่ม เครื่องดื่ม และผงชงดื่ม,,N,,,,,,,,88850999009681,10608,12.000,N,N,,,Y,590.00,,,
ยกถาด-สิงห์กระป๋อง-12x490-ml,10333,ยกถาด สิงห์กระป๋อง 12x490 ml,น้ำดื่ม เครื่องดื่ม และผงชงดื่ม,,N,,,,,,,,8850999014623,10026,12.000,N,N,,,Y,644.00,,,
ยกถาด-หงส์ทอง-cola-490ml-x-12-กระป๋อง,11010,ยกถาด หงส์ทอง Cola 490ml x 12 กระป๋อง,สุรา,,N,,,,,,,,18850486100621,10992,12.000,N,N,,,Y,589.00,,,
ยกถาด-หงส์ทอง-soda-490ml-x-12-กระป๋อง,11011,ยกถาด หงส์ทอง Soda 490ml x 12 กระป๋อง,สุรา,,N,,,,,,,,18850486100614,10939,12.000,N,N,,,Y,589.00,,,
ยกถาด-โซดาสิงห์วันเวย์-24*325-ml,10285,ยกถาด โซดาสิงห์วันเวย์ 24x325 ml,น้ำดื่ม เครื่องดื่ม และผงชงดื่ม,,N,,,,,,,,,10256,24.000,N,N,,,Y,210.00,,,
ยกลัง-baron-vincent-rouge-750-ml-(12-ขวด),10832,ยกลัง Baron Vincent Rouge 750 ml x12,ไวน์,,N,,,,,,,,JC10832,10538,12.000,N,N,,,Y,4500.00,,,
ยกลัง-baron-vincent-rouge-750-ml-x6,10054,ยกลัง Baron Vincent Rouge 750 ml x6,ไวน์,,N,,,,,,,,JC10054,10538,6.000,N,N,,,Y,2250.00,,,
ยกลัง-beerlao-dark-bottle-330ml-x24,10433,ยกลัง BEERLAO DARK BOTTLE 330mlx24,เบียร์คราฟท์,,N,,,,,,,,18859313500085,10189,24.000,N,N,,,Y,1650.00,,,
ยกลัง-beerlao-gold,10565,ยกลัง BEERLAO GOLD 330mlx24,เบียร์คราฟท์,,N,,,,,,,,,10154,24.000,N,N,,,Y,2150.00,,,
ยกลัง-beerlao-green-bottle-330ml.x24,10521,ยกลัง BEERLAO GREEN BOTTLE 330ML.x24,เบียร์คราฟท์,,N,,,,,,,,,10762,24.000,N,N,,,Y,1750.00,,,
ยกลัง-beerlao-green-can-500ml.,10431,ยกลัง BEERLAO GREEN CAN 500ML.x24,เบียร์คราฟท์,,N,,,,,,,,,10763,24.000,N,N,,,Y,2200.00,,,
ยกลัง-เบียร์-beerlao-ipa-330-ml-x-24,10434,ยกลัง BEERLAO IPA 330 mlx24,เบียร์คราฟท์,,N,,,,,,,,18859313504205,10242,24.000,N,N,,,Y,1650.00,,,
ยกลัง-beerlao-lager-bottle-330mlx24,10435,ยกลัง BEERLAO LAGER BOTTLE 330mlx24,เบียร์คราฟท์,,N,,,,,,,,18859313500030,10190,24.000,N,N,,,Y,1440.00,,,
ยกลัง-beerlao-lager-can-500ml.x24,10490,ยกลัง BEERLAO LAGER CAN 500ML.x24,เบียร์คราฟท์,,N,,,,,,,,๋JC10490,10764,24.000,N,N,,,Y,1800.00,,,
ยกลัง-beerlao-white-bottle-330mlx24,10436,ยกลัง BEERLAO WHITE BOTTLE 330mlx24,เบียร์คราฟท์,,N,,,,,,,,18859313502249,10191,24.000,N,N,,,Y,1650.00,,,
ยกลัง-belle-goelette-rouge-750ml-x-12,10950,ยกลัง Belle Goelette Rouge 750ml x 12,ไวน์,,N,,,,,,,,JC10950,10537,12.000,N,N,,,Y,4200.00,,,
ยกลัง-blend-285-signature-700ml.-x-12-ขวด,11012,ยกลัง Blend 285 Signature 700ml. x 12 ขวด,สุรา,,N,,,,,,,,,10804,12.000,N,N,,,Y,3919.00,,,
ยกลัง-chateau-haut-lamothe-aoc-bordeaux-2023-75-cl-x12-ขวด,10077,ยกลัง Chateau Haut Lamothe AOC Bordeaux 2023 75 cl x12 ขวด,ไวน์,,N,,,,,,,,,10941,12.000,N,N,,,Y,5400.00,,,
ยกลัง-chateau-haut-lamothe-aoc-bordeaux-2023-75-cl-x6-ขวด,10082,ยกลัง Chateau Haut Lamothe AOC Bordeaux 2023 75 cl x6 ขวด,ไวน์,,N,,,,,,,,,10941,6.000,N,N,,,Y,2700.00,,,
ยกลัง-g7-3in1-instant-coffee-352g,10122,ยกลัง G7 3in1 instant coffee 352gx24,กาแฟ,,N,,,,,,,,JC10122,10481,24.000,N,N,,,Y,1850.00,,,
ยกลัง-g7-espresso-coffee-37.5g-(12-กล่อง),10100,ยกลัง G7 ESPRESSO COFFEE 37.5G x12 กล่อง,กาแฟ,,N,,,,,,,,่JC10100,10478,12.000,N,N,,,Y,1320.00,,,
ยกลัง-laughing-bird-classic-dry-red-1.5-ltr-x6,10053,ยกลัง Laughing Bird Classic Dry Red 1.5 LTR x6,ไวน์,,N,,,,,,,,,10536,6.000,N,N,,,Y,3506.00,,,
ยกลัง-rmps-vint-bourbon-cabernet-750ml-x-12,10945,ยกลัง RMPS VINT BOURBON CABERNET 750ML x 12,ไวน์,,N,,,,,,,,JC10945,10579,12.000,N,N,,,Y,13200.00,,,
ยกลัง-rmps-vint-rum-merlot-750ml-x-12,10946,ยกลัง RMPS VINT RUM MERLOT 750ML x 12,ไวน์,,N,,,,,,,,JC10946,10614,12.000,N,N,,,Y,13200.00,,,
ยกลัง-rmps-vint-rye-red-blend-750-ml-x-12,10947,ยกลัง RMPS VINT RYE RED BLEND 750 ML x 12,ไวน์,,N,,,,,,,,JC10947,10944,12.000,N,N,,,Y,13200.00,,,
ยกลัง-spy-classic-275-ml-x-12-ขวด,11035,ยกลัง SPY CLASSIC 275 ml x 12 ขวด,สงกรานต์,,N,,,,,,,,JC11035,10251,12.000,N,N,,,Y,389.00,,,
ยกลัง-spy-red-275-ml-x-12-ขวด,11034,ยกลัง SPY RED 275 ml x 12 ขวด,สงกรานต์,,N,,,,,,,,JC11034,10250,12.000,N,N,,,Y,389.00,,,
ยกลัง-trung-nguyen-creative-1-coffee-250-g-(12-ห่อ),10176,ยกลัง TRUNG NGUYEN CREATIVE 1 COFFEE 250 g x12 ห่อ,กาแฟ,,N,,,,,,,,JC10176,10489,12.000,N,N,,,Y,1680.00,,,
ยกลัง-คาราบาว-dunkel-beer-620-ml-ml-x-12-ขวด,11024,ยกลัง คาราบาว Dunkel beer 620 ml ml x 12 ขวด,เบียร์คราฟท์,,N,,,,,,,,JC11024,10724,12.000,N,N,,,Y,780.00,,,
ยกลัง-คาราบาว-lager-beer-620-ml-ml-x-12-ขวด,11023,ยกลัง คาราบาว Lager beer 620 ml ml x 12 ขวด,เบียร์คราฟท์,,N,,,,,,,,๋JC11023,10330,12.000,N,N,,,Y,700.00,,,
ยกลัง-ช้าง-cold-brew-ขวด-620ml-x-12-ขวด,10968,ยกลัง ช้าง Cold Brew ขวด 620ml x 12 ขวด,เบียร์,,N,,,,,,,,8851993716056,10131,12.000,N,N,,,Y,719.00,,,
ยกลัง-ช้างคลาสสิค-ขวด-620ml-x-12-ขวด,10969,ยกลัง ช้างคลาสสิค ขวด 620ml x 12 ขวด,เบียร์,,N,,,,,,,,8851993616059,10074,12.000,N,N,,,Y,665.00,,,
ยกลัง-นิยมไทย40ดีกรี-330-ml-x12-ขวด,11006,ยกลัง นิยมไทย40ดีกรี 330 ml x12 ขวด,สุรา,,N,,,,,,,,,10223,12.000,N,N,,,Y,699.00,,,
ยกลัง-นิยมไทย40ดีกรี-625-ml-x-12-ขวด,11005,ยกลัง นิยมไทย40ดีกรี 625 ml x 12 ขวด,สุรา,,N,,,,,,,,,10361,12.000,N,N,,,Y,1300.00,,,
ยกลัง-ลีโอ-620-ml-x-12-ขวด,10967,ยกลัง ลีโอ 620 ml x 12 ขวด,เบียร์,,N,,,,,,,,8850999141015,10904,12.000,N,N,,,Y,670.00,,,
ยกลัง-หงส์ทอง-1000ml-x-12-ขวด,11008,ยกลัง หงส์ทอง 1000ml x 12 ขวด,สุรา,,N,,,,,,,,,10402,12.000,N,N,,,Y,4789.00,,,
ยกลัง-หงส์ทอง-350ml-x12-ขวด,11007,ยกลัง หงส์ทอง 350ml x12 ขวด,สุรา,,N,,,,,,,,,10373,12.000,N,N,,,Y,1769.00,,,
ยกลัง-หงส์ทอง-700ml-x-12-ขวด,11009,ยกลัง หงส์ทอง 700ml x 12 ขวด,สุรา,,N,,,,,,,,,10395,12.000,N,N,,,Y,3189.00,,,
ยกลัง-เบียร์สิงห์-620ml-x-12-ขวด,10970,ยกลัง เบียร์สิงห์ 620ml x 12 ขวด,เบียร์,,N,,,,,,,,8850999111018,10196,12.000,N,N,,,Y,710.00,,,
ยกลัง-แสงโสมกลม-700ml.-x-12-ขวด,11014,ยกลัง แสงโสมกลม 700ml. x 12 ขวด,สุรา,,N,,,,,,,,,10520,12.000,N,N,,,Y,3749.00,,,
ยกลัง-แสงโสมลิตร-1000ml.-x-12-ขวด,11015,ยกลัง แสงโสมลิตร 1000ml. x 12 ขวด,สุรา,,N,,,,,,,,,10672,12.000,N,N,,,Y,5439.00,,,
ยกลัง-แสงโสมแบน-300ml.x12-ขวด,11013,ยกลัง แสงโสมแบน 300ml.x12 ขวด,สุรา,,N,,,,,,,,,10739,12.000,N,N,,,Y,1839.00,,,
ยกลัง-ไวน์เม่า-b-original-(ฝาแดง)-ชาโต-เดอ-ภูพาน-750-ml,10488,ยกลัง ไวน์เม่า B Original (ฝาแดง) ชาโต เดอ ภูพาน 750 ml x12,ไวน์,,N,,,,,,,,JC10488,10112,12.000,N,N,,,Y,3300.00,,,
ยกลังกาแฟ-g7-black-instant-coffee-30g-(24กล่อง),10429,ยกลังกาแฟ G7 Black instant coffee 30g x24กล่อง,กาแฟ,,N,,,,,,,,8935024149522,10477,24.000,N,N,,,Y,1250.00,,,
ยางรัดผมดอกกันเกรา,10166,ยางรัดผมดอกกันเกรา,ของที่ระลึก,,N,,,,,,,10.40,JC10166,,,Y,,บ้านพิมาน,10.40,Y,20.00,0.000,15.000,30.000
ยางรัดผมถัก,10282,ยางรัดผมถัก,ของที่ระลึก,,N,,,,,,,31.28,JC10282,,,Y,,บ้านพิมาน,31.28,Y,50.00,3.000,10.000,30.000
ยาดองเหล้าสูตรคัดพิเศษบิ๊กเป้ง,10124,ยาดองเหล้าสูตรคัดพิเศษบิ๊กเป้ง,ผลิตภัณฑ์ท้องถิ่นนครพนม,,N,,,,,,,140.00,3341300220239,,,Y,,บิ๊กเป้งแบรนด์,140.00,Y,200.00,11.000,24.000,36.000
ยาหม่อง-น้ำมันเขียวยางนา(พิมานยางนา)20g.,10300,ยาหม่อง น้ำมันเขียวยางนา(พิมานยางนา)20g.,ผลิตภัณฑ์ท้องถิ่นนครพนม,,N,,,,,,,32.69,JC10300,,,Y,,บ้านพิมาน,32.69,Y,39.00,9.000,10.000,10.000
ยูซุ-ไอซ์ทีโซดา,10091,ยูซุ ไอซ์ทีโซดา 265 ml (โซดาคราฟท์),โซดาคราฟท์,,N,,,,,,,36.16,JC10091,,,Y,,คลาสทาวน์,36.16,Y,50.00,9.000,6.000,12.000
ล้านนา-สาโท-ดั้งเดิม-330ml,10923,ล้านนา สาโท ดั้งเดิม 330ml,สุราชุมชน,,N,,,,,,,121.00,JC10923,,,Y,,วิสาหกิจชุมชน สุราแช่ชุมชนบ้านดอนแก่ง LANNA SATO,121.00,Y,169.00,3.000,3.000,3.000
ล้านนา-สาโท-มิกซ์เบอร์รี่-330ml,10921,ล้านนา สาโท มิกซ์เบอร์รี่ 330ml,สุราชุมชน,,N,,,,,,,120.00,JC10921,,,Y,,วิสาหกิจชุมชน สุราแช่ชุมชนบ้านดอนแก่ง LANNA SATO,120.00,Y,169.00,4.000,3.000,3.000
ล้านนา-สาโท-รสบ๊วย,11004,ล้านนา สาโท รสบ๊วย,สุราชุมชน,,N,,,,,,,120.00,JC11004,,,Y,,วิสาหกิจชุมชน สุราแช่ชุมชนบ้านดอนแก่ง LANNA SATO,120.00,Y,169.00,4.000,3.000,3.000
ล้านนา-สาโท-เสาวรส-330ml,10922,ล้านนา สาโท เสาวรส 330ml,สุราชุมชน,,N,,,,,,,121.66,JC10922,,,Y,,วิสาหกิจชุมชน สุราแช่ชุมชนบ้านดอนแก่ง LANNA SATO,121.66,Y,169.00,6.000,1.000,4.000
ล้านนา-สาโท-แอปเปิ้ลเขียว-330ml,10924,ล้านนา สาโท แอปเปิ้ลเขียว 330ml,สุราชุมชน,,N,,,,,,,121.00,JC10924,,,Y,,วิสาหกิจชุมชน สุราแช่ชุมชนบ้านดอนแก่ง LANNA SATO,121.00,Y,169.00,1.000,1.000,4.000
ล้านนา-สาโทน้ำผึ้ง-700ml,10855,ล้านนา สาโทน้ำผึ้ง 700ml,สุราชุมชน,,N,,,,,,,306.67,8857128972472,,,Y,,วิสาหกิจชุมชน สุราแช่ชุมชนบ้านดอนแก่ง LANNA SATO,306.67,Y,399.00,2.000,3.000,3.000
ล้านนา-สาโทลิ้นจี่-330ml,10920,ล้านนา สาโทลิ้นจี่ 330ml,สุราชุมชน,,N,,,,,,,120.00,JC10920,,,Y,,วิสาหกิจชุมชน สุราแช่ชุมชนบ้านดอนแก่ง LANNA SATO,120.00,Y,169.00,1.000,1.000,4.000
ลิ้นจี่-ซีไร่,10103,ลิ้นจี่ ซีโร่ 265 ml (โซดาคราฟท์),โซดาคราฟท์,,N,,,,,,,36.72,JC10103,,,Y,,คลาสทาวน์,36.72,Y,50.00,4.000,6.000,12.000
ลีโอขวดใหญ่-620-ml.,10904,ลีโอขวดใหญ่ 620 ml.,เบียร์,,N,,,,,,,54.43,8850999141008,,,Y,,หสน.อรพรรณ นครพนม,54.43,Y,60.00,188.000,60.000,120.000
ลูกชิดอบแห้ง-(ไม่มีน้ำตาล)-250g,10022,ลูกชิดอบแห้ง (ไม่มีน้ำตาล) 250g,ขนมขบเคี้ยวและของหวาน,,N,,,,,,,57.50,JC10022,,,Y,,ชัชฎา ค้าส่ง,59.78,Y,69.00,0.000,30.000,40.000
ลูกชิดอบแห้ง(ไม่มีน้ำตาล)800g,10894,ลูกชิดอบแห้ง(ไม่มีน้ำตาล)800g,ขนมขบเคี้ยวและของหวาน,,N,,,,,,,190.50,JC10894,,,Y,,ชัชฎา ค้าส่ง,187.00,Y,239.00,0.000,4.000,20.000
ลูกชิ้นไม้-10-บาท,10896,ลูกชิ้นไม้ 10 บาท,,,N,,,,,,,0.00,JC10896,,,N,,,,Y,10.00,,,
ลูกชิ้นไม้-5-บาท,10895,ลูกชิ้นไม้ 5 บาท,,,N,,,,,,,0.00,๋JC10895,,,N,,,,Y,5.00,,,
ลูกสมอ-300กรัม,10237,ลูกสมอ 300กรัม,ขนมขบเคี้ยวและของหวาน,,N,,,,,,,39.41,JC10237,,,Y,,บริษัท รวิสรา อินดัสตรี้ จำกัด,37.60,Y,60.00,42.000,30.000,60.000
ลูกอมมายชูวี่กลิ่นทุเรียน360g,10159,ลูกอมมายชูวี่กลิ่นทุเรียน360g,ขนมขบเคี้ยวและของหวาน,,N,,,,,,,45.08,8852117000273,,,Y,,บริษัท แพรรี่มาร์เก็ตติ้ง จำกัด,45.08,Y,65.00,77.000,12.000,36.000
ลูกอมเคี้ยวหนึบ-รวมรสผลไม้-โอคาชิ-1-kg.,10791,ลูกอมเคี้ยวหนึบ รวมรสผลไม้ โอคาชิ 1 kg.,ขนมขบเคี้ยวและของหวาน,,N,,,,,,,107.27,8858152028005,,,Y,,บริษัท รวิสรา อินดัสตรี้ จำกัด,107.27,Y,139.00,0.000,,12.000
วานิลลาโคล่า,10095,วานิลลาโคล่า 265 ml (โซดาคราฟท์),โซดาคราฟท์,,N,,,,,,,37.08,JC10095,,,Y,,คลาสทาวน์,37.08,Y,50.00,0.000,3.000,6.000
สร้อยมาดาม,11019,สร้อยมาดาม,ของที่ระลึก,,N,,,,,,,50.00,JC11019,,,Y,,,50.00,Y,89.00,12.000,10.000,20.000
สับปะรดแว่น-260-g,10051,สับปะรดแว่น 260 g,ขนมขบเคี้ยวและของหวาน,,N,,,,,,,52.00,JC10051,,,Y,,ชัชฎา ค้าส่ง,52.00,Y,69.00,34.000,20.000,40.000
สานทราย-กลิ่นก๋วยเตี๋ยวเลียง-330ml-35%,10745,สานทราย กลิ่นก๋วยเตี๋ยวเลียง 330ML 35%,สุราชุมชน,,N,,,,,,,332.50,JC10745,,,Y,,บริษัท กรุ๊ปบี จำกัด,332.50,Y,450.00,2.000,3.000,3.000
สาโทเทพนม14%,10473,สาโทเทพนม14% 330 ml,เบียร์คราฟท์,,N,,,,,,,206.25,619011922326,,,Y,,บริษัท นนทบุรี บิววิง จำกัด,206.25,Y,269.00,1.000,3.000,6.000
สิงห์-พิงก์เลม่อนโซดา-330ml,10193,สิงห์ พิงก์เลม่อนโซดา 330ml,น้ำดื่ม เครื่องดื่ม และผงชงดื่ม,,N,,,,,,,13.68,8850999023175,,,Y,,หสน.อรพรรณ นครพนม,13.68,Y,17.00,25.000,12.000,24.000
สิงห์-ส้มยูซุเลมอนโซดา,10145,สิงห์ ส้มยูซุเลมอนโซดา 330 ml,น้ำดื่ม เครื่องดื่ม และผงชงดื่ม,,N,,,,,,,13.80,8850999018508,,,Y,,บริษัท สยามแม็คโคร จำกัด (มหาชน),13.80,Y,17.00,13.000,12.000,24.000
สิงห์บ๊วยเลมอนโซดา,10158,สิงห์บ๊วยเลมอนโซดา 330 ml,น้ำดื่ม เครื่องดื่ม และผงชงดื่ม,,N,,,,,,,13.76,8850999021201,,,Y,,บริษัท สยามแม็คโคร จำกัด (มหาชน),13.76,Y,17.00,16.000,12.000,24.000
สิงห์เรดเลมอนโซดา330ml,10030,สิงห์เรดเลมอนโซดา330ml,น้ำดื่ม เครื่องดื่ม และผงชงดื่ม,,N,,,,,,,13.58,8850999019123,,,Y,,บริษัท สยามแม็คโคร จำกัด (มหาชน),13.58,Y,17.00,16.000,0.000,
สิงห์เลมอนโซดา330ml,10028,สิงห์เลมอนโซดา330ml,น้ำดื่ม เครื่องดื่ม และผงชงดื่ม,,N,,,,,,,13.50,8850999016863,,,Y,,บริษัท สยามแม็คโคร จำกัด (มหาชน),13.50,Y,17.00,34.000,0.000,
สุรากลั่นจากตาลโตนด--28%ขนาด-700-ml.,10663,สุรากลั่นจากตาลโตนด  28%ขนาด 700 ml.,สุราชุมชน,,N,,,,,,,400.00,8857123950482,,,Y,,บริษัท ตาลบุรี ฟู้ด จำกัด,400.00,Y,499.00,11.000,6.000,12.000
สุรากลั่นจากตาลโตนด--40%ขนาด-700-ml.,10667,สุรากลั่นจากตาลโตนด  40%ขนาด 700 ml.,สุราชุมชน,,N,,,,,,,501.60,8857123950567,,,Y,,บริษัท ตาลบุรี ฟู้ด จำกัด,501.60,Y,599.00,13.000,6.000,12.000
สุราขาว-40-ดีกรี,10993,สุราขาว 40 ดีกรี,สุรา,,N,,,,,,,0.00,8854786000417,,,Y,,บริษัท แคชแวน แมนเนจเม้นท์ จำกัด,0.00,Y,70.00,5.000,6.000,6.000
สุราบรั่นดีเมอริเดียน-38-ดีกรี-200-ml.,10461,สุราบรั่นดีเมอริเดียน 38 ดีกรี 200 ml.,สุรา,,N,,,,,,,138.90,8850486100396,,,Y,,"Horeca Management Co., Ltd.",138.90,Y,259.00,28.000,,
สุราพิเศษ-รวงข้าว-สยาม-เเซฟไฟร์-40-ดีกรี-700-มล.(รง.กระทิงเเดง),10417,สุราพิเศษ รวงข้าว สยาม เเซฟไฟร์ 40 ดีกรี 700 มล.(รง.กระทิงเเดง),สุรา,,N,,,,,,,943.00,8855155000847,,,N,,,,Y,1150.00,,,
สุราศรีเทพ-แตงโม-750ml,10943,สุราศรีเทพ แตงโม 750ml,สุราชุมชน,,N,,,,,,,550.00,JC10943,,,Y,,,550.00,Y,749.00,0.000,3.000,
สุราเเม่โขง-35-ดีกรี-200-มล.,10418,สุราเเม่โขง 35 ดีกรี 200 มล.,สุรา,,N,,,,,,,117.29,8852388000750,,,Y,,"Horeca Management Co., Ltd.",117.29,Y,130.00,28.000,,
สุราเเม่โขง-35-ดีกรี-350-ml.,10454,สุราเเม่โขง 35 ดีกรี 350 ml.,สุรา,,N,,,,,,,205.00,8852388000729,,,Y,,"Horeca Management Co., Ltd.",205.00,Y,259.00,14.000,,
สไปรท์แคน325ml,10024,สไปรท์แคน325ml,น้ำดื่ม เครื่องดื่ม และผงชงดื่ม,,N,,,,,,,13.21,8851959132364,,,Y,,บริษัท สยามแม็คโคร จำกัด (มหาชน),13.21,Y,16.00,29.000,0.000,
หงส์ทอง-1000ml.,10402,หงส์ทอง 1000ml.,สุรา,,N,,,,,,,371.00,8852388000736,,,Y,,บริษัท แคชแวน แมนเนจเม้นท์ จำกัด,371.00,Y,380.00,13.000,6.000,12.000
หงส์ทอง-350ml.,10373,หงส์ทอง 350ml.,สุรา,,N,,,,,,,137.00,8852388000620,,,Y,,บริษัท แคชแวน แมนเนจเม้นท์ จำกัด,137.00,Y,145.00,24.000,6.000,12.000
หงส์ทอง-700ml.,10395,หงส์ทอง 700ml.,สุรา,,N,,,,,,,247.00,JC10395,,,Y,,บริษัท แคชแวน แมนเนจเม้นท์ จำกัด,247.00,Y,258.00,47.000,6.000,12.000
หงส์ทอง-cola-490ml,10992,หงส์ทอง Cola 490ml,สุรา,,N,,,,,,,45.00,8850486100624,,,Y,,บริษัท แคชแวน แมนเนจเม้นท์ จำกัด,45.00,Y,53.00,93.000,12.000,
หงษ์ทอง-soda(490ml),10939,หงส์ทอง Soda 490ml,สุรา,,N,,,,,,,45.00,8850486100617,,,Y,,บริษัท แคชแวน แมนเนจเม้นท์ จำกัด,45.00,Y,53.00,166.000,12.000,
หนังเค็มเผา,10320,หนังเค็มเผา(ท่าอุเทน) 150 g,ผลิตภัณฑ์ท้องถิ่นนครพนม,,N,,,,,,,83.33,JC10320,,,Y,,หนังเค็มพ่อประนอม,83.33,Y,120.00,1.000,12.000,24.000
หนังเค็มไม่เผา,10321,หนังเค็มไม่เผา (ท่าอุเทน) 500 g,ผลิตภัณฑ์ท้องถิ่นนครพนม,,N,,,,,,,83.87,JC10321,,,Y,,หนังเค็มพ่อประนอม,83.87,Y,120.00,6.000,6.000,6.000
หมวกงอบเวียดนาม--เมืองเว้-(เล็ก),10825,หมวกงอบเวียดนาม  เมืองเว้ (เล็ก) 25cm,ของที่ระลึก,,N,,,,,,,27.90,JC10825,,,Y,,เจ๊หงส์ของฝากเวียดนาม,29.79,Y,69.00,86.000,10.000,20.000
หมวกงอบเวียดนาม-เมืองเว้-(กลาง),10826,หมวกงอบเวียดนาม เมืองเว้ (กลาง) 30cm,ของที่ระลึก,,N,,,,,,,32.96,JC10826,,,Y,,เจ๊หงส์ของฝากเวียดนาม,34.25,Y,89.00,92.000,10.000,20.000
หมวกงอบเวียดนาม-เมืองเว้-(ใหญ่),10827,หมวกงอบเวียดนาม เมืองเว้ (ใหญ่) 40cm,ของที่ระลึก,,N,,,,,,,46.91,JC10827,,,Y,,เจ๊หงส์ของฝากเวียดนาม,47.07,Y,99.00,183.000,10.000,20.000
เหล้ากล้วยๆ-หมาใจดำ40%--330ml,10567,หมาใจดำ 330ml เหล้ากล้วยๆ,สุราชุมชน,,N,,,,,,,297.83,8857121185220,,,Y,,บริษัท หมาใจดำ จำกัด,297.83,Y,399.00,10.000,6.000,12.000
หมาใจดำ-700ml-lumka,10246,หมาใจดำ 700ml Lumka,สุราชุมชน,,N,,,,,,,435.28,8857121185091,,,Y,,บริษัท หมาใจดำ จำกัด,435.28,Y,599.00,12.000,6.000,12.000
เหล้ากล้วยๆ-หมาใจดำ40%--700ml,10686,หมาใจดำ 700ml เหล้ากล้วยๆ,สุราชุมชน,,N,,,,,,,447.83,8857121185107,,,Y,,บริษัท หมาใจดำ จำกัด,447.83,Y,599.00,13.000,6.000,12.000
วอดก้าหมาใจดำ-มะขามป้อม-700ml.,10773,หมาใจดำ 700Ml. มะขามป้อม,สุราชุมชน,,N,,,,,,,462.50,8857121185435,,,Y,,บริษัท หมาใจดำ จำกัด,462.50,Y,599.00,19.000,6.000,12.000
หมาใจดำ330ml,10162,หมาใจดำ330ml Flowery Original,สุราชุมชน,,N,,,,,,,297.83,8857121185206,,,Y,,บริษัท หมาใจดำ จำกัด,297.83,Y,399.00,10.000,6.000,12.000
หมาใจดำ700ml,10161,หมาใจดำ700ml Flowery Original,สุราชุมชน,,N,,,,,,,400.00,8857121185084,,,Y,,บริษัท หมาใจดำ จำกัด,0.00,Y,599.00,16.000,6.000,12.000
หมิง-พลัม-ไวน์-750ml,10669,หมิง พลัม ไวน์ 750ml,สุรา,,N,,,,,,,300.00,6921847611881,,,Y,,หจก. จิระตั้งเจริญ,300.00,Y,400.00,0.000,6.000,12.000
หมิง-โกลด์-พลัม-ไวน์-750ml,10670,หมิง โกลด์ พลัม ไวน์ 750ml,สุรา,,N,,,,,,,400.00,6921847623389,,,Y,,หจก. จิระตั้งเจริญ,400.00,Y,499.00,0.000,6.000,12.000
หมูฝ๋อยหอม150g,10328,หมูฝอยหอม150g,ผลิตภัณฑ์ท้องถิ่นนครพนม,,N,,,,,,,94.02,JC10328,,,Y,,แม่นิตย์,94.02,Y,125.00,0.000,6.000,12.000
หมูยอทอด(แพ็ค2ชิ้น),10342,หมูยอทอด(แพ็ค2ชิ้น),อาหารสด,,N,,,,,,,64.62,JC10342,,,Y,,หมูยอนำทอง,64.62,Y,80.00,17.000,5.000,10.000
หมูยอหนาว-(มีไข่),10677,หมูยอหนาว (มีไข่),อาหารสด,,N,,,,,,,105.00,JC10677,,,Y,,หมูยอนำทอง,105.00,Y,120.00,18.000,5.000,10.000
หมูยอหนาว(ไม่มีไข่),10676,หมูยอหนาว(ไม่มีไข่),อาหารสด,,N,,,,,,,85.00,JC10676,,,Y,,หมูยอนำทอง,85.00,Y,100.00,20.000,5.000,10.000
หมูยอใบตอง,10853,หมูยอใบตอง,อาหารสด,,N,,,,,,,40.00,JC10853,,,Y,,หมูยอนำทอง,40.00,Y,50.00,23.000,12.000,24.000
หมูยอหนังใบตอง,10194,หมูยอใบตอง(หนัง),อาหารสด,,N,,,,,,,40.00,JC10194,,,Y,,หมูยอนำทอง,40.00,Y,50.00,16.000,6.000,12.000
หมูหยองหวาน(กล่อง)-200-g,10167,หมูหยองหวาน(กล่อง) 200 g,ผลิตภัณฑ์ท้องถิ่นนครพนม,,N,,,,,,,95.45,JC10167,,,Y,,เจ๊เนย นาจอก,95.45,Y,150.00,0.000,9.000,19.000
หมูหยองเค็ม(กล่อง)200g,10464,หมูหยองเค็ม(กล่อง)200g,ผลิตภัณฑ์ท้องถิ่นนครพนม,,N,,,,,,,101.43,JC10464,,,Y,,เจ๊เนย นาจอก,101.43,Y,150.00,16.000,15.000,30.000
หมูแดดเดียว200g,10680,หมูแดดเดียว 200g (โคขุนนครพนม),อาหารสด,,N,,,,,,,70.00,JC10680,,,Y,,โคขุนนครพนม,70.00,Y,99.00,19.000,5.000,10.000
องค์พญานาคเจ็ดเศียร-(สีดำ),10244,องค์พญานาคเจ็ดเศียร (สีดำ),ของที่ระลึก,,N,,,,,,,1000.00,JC10244,,,Y,,เอ ปั้นไทย,1000.00,Y,1990.00,7.000,3.000,3.000
องค์พญานาคเจ็ดเศียร-(สีทอง),10144,องค์พญานาคเจ็ดเศียร (สีทอง),ของที่ระลึก,,N,,,,,,,1000.00,JC10144,,,Y,,เอ ปั้นไทย,1000.00,Y,1990.00,7.000,3.000,7.000
องค์พญานาคเจ็ดเศียร-(สีทองแดง),10178,องค์พญานาคเจ็ดเศียร (สีทองแดง),ของที่ระลึก,,N,,,,,,,1000.00,JC10178,,,Y,,เอ ปั้นไทย,1000.00,Y,1990.00,6.000,3.000,3.000
องุ่นมัสแคท-ซีโร่,10258,องุ่นมัสแคท ซีโร่ 265 ml (โซดาคราฟท์),โซดาคราฟท์,,N,,,,,,,37.08,JC10258,,,Y,,คลาสทาวน์,37.08,Y,50.00,10.000,6.000,12.000
อ้อยอิ่ง-330ml,10997,อ้อยอิ่ง 330ml,สุราชุมชน,,N,,,,,,,200.00,JC10997,,,Y,,วสช.ปักใต้ (spirit of Songkhla),200.00,Y,269.00,2.000,2.000,2.000
อ้อยใจพรีเมียม-330-ml,10814,อ้อยใจพรีเมียม 330 ml,สุราชุมชน,,N,,,,,,,190.00,8854609010470,,,Y,,,190.00,Y,250.00,12.000,,
อ้อยใจพรีเมียม-700-ml,10916,อ้อยใจพรีเมียม 700 ml,สุราชุมชน,,N,,,,,,,332.50,8854609010487,,,Y,,,332.50,Y,400.00,12.000,,
อัลมอนด์มีเปลือกอบเนย-400g-กู๊ดดี๊,10788,อัลมอนด์มีเปลือกอบเนย 400g กู๊ดดี๊,ขนมขบเคี้ยวและของหวาน,,N,,,,,,,151.36,8859380303261,,,Y,,บริษัท รวิสรา อินดัสตรี้ จำกัด,151.36,Y,209.00,0.000,,20.000
อินทผาลัม-400g,10125,อินทผาลัม 400g,ขนมขบเคี้ยวและของหวาน,,N,,,,,,,64.00,JC10125,,,Y,,,64.00,Y,89.00,33.000,12.000,25.000
อื่นๆ-10-บาท,10898,อื่นๆ 10 บาท,,,N,,,,,,,0.00,JC10898,,,N,,,,Y,10.00,,,
อื่นๆ-15-บาท,10899,อื่นๆ 15 บาท,,,N,,,,,,,0.00,JC10899,,,N,,,,Y,15.00,,,
อื่นๆ-20-บาท,10900,อื่นๆ 20 บาท,,,N,,,,,,,0.00,JC10900,,,N,,,,Y,20.00,,,
อื่นๆ-5-บาท,10897,อื่นๆ 5 บาท,,,N,,,,,,,0.00,JC10897,,,N,,,,Y,5.00,,,
อุแม่ทองแย้ม-ช้างเผือก,10180,อุแม่ทองแย้ม ช้างเผือก,ผลิตภัณฑ์ท้องถิ่นนครพนม,,N,,,,,,,285.00,JC10180,,,Y,,อุแม่ทองแย้ม,285.00,Y,390.00,50.000,12.000,24.000
เขียดแห้ง100g,10188,เขียดแห้ง 80 g (บ้านยางงอย),ของแห้งและเครื่องปรุง,,N,,,,,,,80.00,JC10188,,,Y,,กลุ่มแปรรูปผลิตภัณฑ์จากปลา บ้านยางงอย,80.00,Y,100.00,0.000,12.000,24.000
เคียวโฮ-ไอซ์ทีโซดา,10093,เคียวโฮ ไอซ์ทีโซดา 265 ml (โซดาคราฟท์),โซดาคราฟท์,,N,,,,,,,36.79,JC10093,,,Y,,คลาสทาวน์,36.79,Y,50.00,11.000,6.000,12.000
เงาจันทร์-40-ดีกรี-330-ml,10769,เงาจันทร์ 40 ดีกรี 330 ml,สุราชุมชน,,N,,,,,,,47.50,8854609010722,,,Y,,,47.50,Y,60.00,12.000,,
เงาจันทร์-40-ดีกรี-625-ml,10917,เงาจันทร์ 40 ดีกรี 625 ml,สุราชุมชน,,N,,,,,,,85.50,8854609011965,,,Y,,,85.50,Y,100.00,12.000,,
เจลลี่โคล่า,10067,เจลลี่โคล่า 265 ml (โซดาคราฟท์),โซดาคราฟท์,,N,,,,,,,37.08,JC10067,,,Y,,คลาสทาวน์,37.08,Y,50.00,5.000,6.000,12.000
เชอรี่โคล่า,10210,เชอรี่โคล่า 265 ml (โซดาคราฟท์),โซดาคราฟท์,,N,,,,,,,37.08,JC10210,,,Y,,คลาสทาวน์,37.08,Y,50.00,4.000,6.000,6.000
เดอะเขาค้อ330ml.,10018,เดอะเขาค้อ330ml.,สุราชุมชน,,N,,,,,,,266.67,8857200748018,,,Y,,วิสาหกิจชุมชนภูแลนคา ไวท์,266.67,Y,450.00,6.000,6.000,6.000
เนสกาแฟเอสเปรสโซ,10013,เนสกาแฟเอสเปรสโซ180ml,น้ำดื่ม เครื่องดื่ม และผงชงดื่ม,,N,,,,,,,13.02,8851012103706,,,Y,,บริษัท สยามแม็คโคร จำกัด (มหาชน),13.02,Y,17.00,6.000,0.000,
เนื้อแดดเดียว200g,10681,เนื้อแดดเดียว200g (โคขุนนครพนม),อาหารสด,,N,,,,,,,85.00,JC10681,,,Y,,โคขุนนครพนม,85.00,Y,109.00,18.000,5.000,10.000
เบอร์ดี้เอสเปรสโซ180ml,10014,เบอร์ดี้เอสเปรสโซ180ml,น้ำดื่ม เครื่องดื่ม และผงชงดื่ม,,N,,,,,,,12.89,8850250006015,,,Y,,บริษัท สยามแม็คโคร จำกัด (มหาชน),12.89,Y,17.00,31.000,0.000,
เบียร์-snowy-rose-490ml.,10179,เบียร์ Snowy Rose 490ml.,เบียร์,,N,,,,,,,54.66,8850999018348,,,Y,,หสน.อรพรรณ นครพนม,54.66,Y,59.00,13.000,6.000,12.000
เบียร์-snowy-weizen-490ml.,10068,เบียร์ Snowy Weizen 490ml.,เบียร์,,N,,,,,,,50.66,8850999011677,,,Y,,หสน.อรพรรณ นครพนม,50.66,Y,59.00,7.000,6.000,12.000
เบียร์-snowy-yuzu-490ml.,10241,เบียร์ Snowy Yuzu 490ml.,เบียร์,,N,,,,,,,54.66,8850999020662,,,Y,,หสน.อรพรรณ นครพนม,54.66,Y,59.00,16.000,6.000,12.000
เบียร์-snowy-นิวอิงแลนด์ไอพีเอ-490ml.,10249,เบียร์ Snowy นิวอิงแลนด์ไอพีเอ 490ml.,เบียร์,,N,,,,,,,70.66,8850999022314,,,Y,,หสน.อรพรรณ นครพนม,70.66,Y,79.00,10.000,6.000,12.000
ลีโอป๋องยาว-(490ml),10608,เบียร์ลีโอกระป๋อง 490ml.,เบียร์,,N,,,,,,,45.39,8850999009674,,,Y,,หสน.อรพรรณ นครพนม,45.39,Y,53.00,157.000,12.000,24.000
เบียร์ลีโอสุพรีมกระป๋อง-490ml.,10006,เบียร์ลีโอสุพรีมกระป๋อง 490ml.,เบียร์,,N,,,,,,,48.08,8850999024516,,,Y,,หสน.อรพรรณ นครพนม,48.08,Y,54.00,24.000,18.000,38.000
เบียร์สิงห์-ุ620ml,10196,เบียร์สิงห์ 620ml,เบียร์,,N,,,,,,,57.33,8850999111001,,,Y,,หสน.อรพรรณ นครพนม,57.33,Y,64.00,136.000,36.000,24.000
สิงห์-ป๋องยาว-490ml.,10026,เบียร์สิงห์กระป๋อง 490ml.,เบียร์,,N,,,,,,,50.16,8850999014616,,,Y,,หสน.อรพรรณ นครพนม,50.16,Y,56.00,18.000,24.000,48.000
เบียร์อาซาฮีกระป๋อง-490ml.,10032,เบียร์อาซาฮีกระป๋อง 490ml.,เบียร์,,N,,,,,,,59.66,8850999014463,,,Y,,หสน.อรพรรณ นครพนม,59.66,Y,79.00,0.000,6.000,12.000
เบียร์โคโรน่า-เอ็กซ์ตร้า-4.5%-330ml.,10340,เบียร์โคโรน่า เอ็กซ์ตร้า 4.5% 330ml.,เบียร์,,N,,,,,,,67.08,6915878221577,,,Y,,หสน.อรพรรณ นครพนม,67.08,Y,69.00,1.000,24.000,48.000
เป๊ปซี่325ml,10012,เป๊ปซี่325ml,น้ำดื่ม เครื่องดื่ม และผงชงดื่ม,,N,,,,,,,12.63,8858998581559,,,Y,,บริษัท สยามแม็คโคร จำกัด (มหาชน),12.63,Y,16.00,30.000,15.000,
เฝอเนื้อ-เจอกันนครพนม-(ชุด-5-ห่อ),10506,เฝอเนื้อ เจอกันนครพนม (ชุด 5 ห่อ),ผลิตภัณฑ์ท้องถิ่นนครพนม,,N,,,,,,,,JC10506,10879,5.000,N,N,,,Y,150.00,,,
เฝอเนื้อ-เจอกันนครพนม-100g,10879,เฝอเนื้อ เจอกันนครพนม 100g,ของแห้งและเครื่องปรุง,,N,,,,,,,19.49,JC10879,,,Y,,ร้าน 99,19.83,Y,30.00,195.000,75.000,150.000
เม็ดบัวอบกรอบ-300-g,10604,เม็ดบัวอบกรอบ 300 g,ขนมขบเคี้ยวและของหวาน,,N,,,,,,,152.32,JC10604,,,Y,,อัยย์อุ่นผล ไม้อบแห้ง,149.73,Y,229.00,0.000,,40.000
เม็ดบัวเวียดนาม500g-hat-sen-say,10035,เม็ดบัวเวียดนาม500g HAT SEN SAY,ขนมขบเคี้ยวและของหวาน,,N,,,,,,,340.00,8936002400628,,,Y,,เสงี่ยม มุกดาหาร,340.00,Y,420.00,0.000,,12.000
เม็ดมะม่วงหิมพานต์อบเกลือ-กู๊ดดี๊-500g,10787,เม็ดมะม่วงหิมพานต์อบเกลือ กู๊ดดี๊ 500g,ขนมขบเคี้ยวและของหวาน,,N,,,,,,,221.36,8858150001642,,,Y,,บริษัท รวิสรา อินดัสตรี้ จำกัด,221.36,Y,269.00,0.000,,20.000
เม็ดมะม่วงเผา,10065,เม็ดมะม่วงเผาเวียดนาม 500g,ขนมขบเคี้ยวและของหวาน,,N,,,,,,,165.00,JC10065,,,Y,,อัยย์อุ่นผล ไม้อบแห้ง,165.00,Y,220.00,4.000,10.000,24.000
เมล็ดกาแฟ-giacat-1000g,10455,เมล็ดกาแฟ (Giacat) 500g,กาแฟ,,N,,,,,,,191.45,JC10455,,,Y,,แคน เซรามิก,191.45,Y,250.00,6.000,6.000,12.000
เมล็ดกาแฟ-papakoff-500g,10217,เมล็ดกาแฟ Papakoff 500g,กาแฟ,,N,,,,,,,222.64,JC10217,,,Y,,บริษัท ดาวเรืองอิมพอร์ตเอ็กซ์พอร์ต(ไทยแลนด์) จำกัด,222.64,Y,249.00,32.000,0.000,0.000
เมล็ดกาแฟคั่วเข็ม-papakoff-dark-500g,10345,เมล็ดกาแฟคั่วเข็ม Papakoff Dark 500g,กาแฟ,,N,,,,,,,225.77,JC10345,,,Y,,บริษัท ดาวเรืองอิมพอร์ตเอ็กซ์พอร์ต(ไทยแลนด์) จำกัด,225.77,Y,259.00,19.000,0.000,0.000
เมล็ดทานตะวันอบกลิ่นมะพร้าว-(ตราฟรุ๊ตทาซี่),10641,เมล็ดทานตะวันอบกลิ่นมะพร้าว (ตราฟรุ๊ตทาซี่),ขนมขบเคี้ยวและของหวาน,,N,,,,,,,43.35,8859007202410,,,Y,,บริษัท รวิสรา อินดัสตรี้ จำกัด,43.35,Y,60.00,0.000,10.000,20.000
เมล็ดทานตะวันอบกลิ่นวอลนัท(ตราฟรุ๊ตทาซี่),10642,เมล็ดทานตะวันอบกลิ่นวอลนัท(ตราฟรุ๊ตทาซี่),ขนมขบเคี้ยวและของหวาน,,N,,,,,,,42.61,8859007202397,,,Y,,บริษัท รวิสรา อินดัสตรี้ จำกัด,42.61,Y,60.00,0.000,10.000,20.000
เมล่อน-ซีโร่(โซดาคราฟท์),10583,เมล่อน ซีโร่ 265 ml (โซดาคราฟท์),โซดาคราฟท์,,N,,,,,,,37.43,JC10583,,,Y,,คลาสทาวน์,37.43,Y,50.00,9.000,4.000,8.000
เมอริเดียนกลม-700ml.,10496,เมอริเดียนกลม 700ml.,สุรา,,N,,,,,,,490.00,8850486100297,,,Y,,บริษัท แคชแวน แมนเนจเม้นท์ จำกัด,490.00,Y,525.00,12.000,6.000,12.000
เมอริเดอร์แบน-350ml.,10403,เมอริเดียนแบน 350ml.,สุรา,,N,,,,,,,235.00,8850486100303,,,Y,,บริษัท แคชแวน แมนเนจเม้นท์ จำกัด,235.00,Y,263.00,18.000,6.000,12.000
เยลลี่มะม่วง,10563,เยลลี่มะม่วงเจอกัน 170 g,ขนมขบเคี้ยวและของหวาน,,N,,,,,,,14.15,JC10563,,,Y,,บริษัท รวิสรา อินดัสตรี้ จำกัด,14.15,Y,35.00,131.000,20.000,24.000
เยลลี่สตอเบอรี่เจอกัน-3ถุง100,10562,เยลลี่สตอเบอรี่เจอกัน 170 g,ขนมขบเคี้ยวและของหวาน,,N,,,,,,,14.03,JC10562,,,Y,,บริษัท รวิสรา อินดัสตรี้ จำกัด,14.03,Y,35.00,97.000,,70.000
เยลลี่ส้มเจอกัน-3ถุง100,10564,เยลลี่ส้มเจอกัน 170 g,ขนมขบเคี้ยวและของหวาน,,N,,,,,,,10.00,JC10564,,,Y,,บริษัท รวิสรา อินดัสตรี้ จำกัด,10.00,Y,35.00,93.000,31.000,62.000
เยลลี่เลม่อนเจอกัน,10566,เยลลี่เลม่อนเจอกัน 170 g,ขนมขบเคี้ยวและของหวาน,,N,,,,,,,16.31,JC10566,,,Y,,บริษัท รวิสรา อินดัสตรี้ จำกัด,16.31,Y,35.00,72.000,32.000,63.000
เรดดี้,10126,เรดดี้ เบอรรี่,น้ำดื่ม เครื่องดื่ม และผงชงดื่ม,,N,,,,,,,15.00,JC10126,,,Y,,บริษัท สยามแม็คโคร จำกัด (มหาชน),17.04,Y,20.00,2.000,12.000,24.000
เรดบลู-เอ็กซ์ตร้า,10135,เรดบลู เอ็กซ์ตร้า,น้ำดื่ม เครื่องดื่ม และผงชงดื่ม,,N,,,,,,,8.05,JC10135,,,Y,,บริษัท สยามแม็คโคร จำกัด (มหาชน),0.00,Y,15.00,0.000,12.000,24.000
เรดบูล-250มล.,10127,เรดบูล 250มล.,น้ำดื่ม เครื่องดื่ม และผงชงดื่ม,,N,,,,,,,15.00,JC10127,,,Y,,,0.00,Y,20.00,12.000,6.000,
เลมอนเนด,10205,เลมอนเนด 265 ml (โซดาคราฟท์),โซดาคราฟท์,,N,,,,,,,37.20,JC10205,,,Y,,คลาสทาวน์,37.20,Y,50.00,7.000,6.000,12.000
เส้นแห้ง99-(ถุงใหญ่)-1x20,10453,เส้นแห้ง99 (ถุงใหญ่) 1x20,ผลิตภัณฑ์ท้องถิ่นนครพนม,,N,,,,,,,102.13,JC10453,,,Y,,ร้าน 99,102.13,Y,110.00,11.000,11.000,22.000
เสื้อ-ขาว-s-t-shirt-2024,10114,เสื้อขาว M T-SHIRT 2024,ของที่ระลึก,,N,,,,,,,70.00,JC10114,,,Y,,ร้านฟรีดอม,70.00,Y,110.00,0.000,,
เสื้อดำ-m-t-shirt-2024,10119,เสื้อดำ M T-SHIRT 2024,ของที่ระลึก,,N,,,,,,,70.00,JC10119,,,Y,,ร้านฟรีดอม,70.00,Y,110.00,3.000,3.000,3.000
เสื้อดำ-s-t-shirt-2024,10118,เสื้อดำ S T-SHIRT 2024,ของที่ระลึก,,N,,,,,,,65.00,JC10118,,,Y,,ร้านฟรีดอม,65.00,Y,100.00,2.000,2.000,2.000
เสื้อผ้าคอทตอบผู้ใหญ่-สีขาว--m,10880,เสื้อผ้าคอตตอนผู้ใหญ่ สีขาว  M,ของที่ระลึก,,N,,,,,,,71.53,JC10880,,,Y,,ร้านฟรีดอม,71.53,Y,110.00,31.000,18.000,36.000
เสื้อผ้าคอทตอบผู้ใหญ่-สีขาว-2xl,10883,เสื้อผ้าคอตตอนผู้ใหญ่ สีขาว 2XL,ของที่ระลึก,,N,,,,,,,101.53,JC10883,,,Y,,ร้านฟรีดอม,101.53,Y,140.00,28.000,15.000,30.000
เสื้อผ้าคอทตอบผู้ใหญ่-สีขาว-l,10881,เสื้อผ้าคอตตอนผู้ใหญ่ สีขาว L,ของที่ระลึก,,N,,,,,,,86.53,JC10881,,,Y,,ร้านฟรีดอม,86.53,Y,120.00,23.000,33.000,67.000
เสื้อผ้าคอทตอบผู้ใหญ่-สีขาว-s,10878,เสื้อผ้าคอตตอนผู้ใหญ่ สีขาว S,ของที่ระลึก,,N,,,,,,,66.53,JC10878,,,Y,,ร้านฟรีดอม,66.53,Y,100.00,30.000,10.000,20.000
เสื้อผ้าคอทตอบผู้ใหญ่-สีขาว-xl,10882,เสื้อผ้าคอตตอนผู้ใหญ่ สีขาว XL,ของที่ระลึก,,N,,,,,,,91.53,JC10882,,,Y,,ร้านฟรีดอม,91.53,Y,130.00,19.000,25.000,52.000
เสื้อผ้าสาลู-(ผู้หญิง-ช้าง),10042,เสื้อผ้าสาลู (ผู้หญิง ช้าง),ความงามและของใช้ส่วนตัว,,N,,,,,,,340.00,JC10042,,,Y,,พี่ตุ๊กผ้าสาลู,340.00,Y,490.00,0.000,,2.000
เสื้อผ้าสาลู-(ผู้หญิง-ปลา),10036,เสื้อผ้าสาลู (ผู้หญิง ปลา),ผลิตภัณฑ์ท้องถิ่นนครพนม,,N,,,,,,,394.00,JC10036,,,Y,,พี่ตุ๊กผ้าสาลู,394.00,Y,590.00,1.000,2.000,2.000
เสื้อผ้าสาลู(แขนกุด),10287,เสื้อผ้าสาลู(แขนกุด),ความงามและของใช้ส่วนตัว,,N,,,,,,,490.00,jc10287,,,Y,,พี่ตุ๊กผ้าสาลู,490.00,Y,490.00,0.000,1.000,1.000
เสื้อสาลู-(ชาย),10570,เสื้อสาลู (ชาย),ความงามและของใช้ส่วนตัว,,N,,,,,,,440.00,JC10570,,,Y,,พี่ตุ๊กผ้าสาลู,440.00,Y,590.00,0.000,0.000,2.000
เสื้อสาลู-(ผู้หญิง),10590,เสื้อสาลู (ผู้หญิง แมว),ผลิตภัณฑ์ท้องถิ่นนครพนม,,N,,,,,,,388.00,JC10590,,,Y,,พี่ตุ๊กผ้าสาลู,388.00,Y,590.00,0.000,0.000,1.000
เสื้อสาลู-(หญิง),10952,เสื้อสาลู (หญิง),ผลิตภัณฑ์ท้องถิ่นนครพนม,,N,,,,,,,590.00,JC10952,,,Y,,พี่ตุ๊กผ้าสาลู,590.00,Y,690.00,0.000,1.000,
เสื้อสาลู-(หญิง)แขนกุด,10953,เสื้อสาลู (หญิง)แขนกุด,,,N,,,,,,,300.00,JC10953,,,Y,,พี่ตุ๊กผ้าสาลู,300.00,Y,490.00,0.000,1.000,
เสื้อสาลู-(ฮู้ด),10098,เสื้อสาลู (ฮู้ด),ผลิตภัณฑ์ท้องถิ่นนครพนม,,N,,,,,,,428.00,JC10098,,,Y,,พี่ตุ๊กผ้าสาลู,428.00,Y,650.00,1.000,1.000,1.000
เสื้อสาลู-ครอป,10621,เสื้อสาลู ครอป,ผลิตภัณฑ์ท้องถิ่นนครพนม,,N,,,,,,,288.00,JC10621,,,Y,,พี่ตุ๊กผ้าสาลู,288.00,Y,490.00,0.000,1.000,1.000
เสื้อสาลู-ชาย--(ลายทาง),10593,เสื้อสาลู ชาย  (ลายทาง),ผลิตภัณฑ์ท้องถิ่นนครพนม,,N,,,,,,,428.00,JC10593,,,Y,,พี่ตุ๊กผ้าสาลู,428.00,Y,650.00,1.000,1.000,1.000
เสื้อสาลู-ชาย-(ลายช้าง),10571,เสื้อสาลู ชาย (ลายช้าง),ผลิตภัณฑ์ท้องถิ่นนครพนม,,N,,,,,,,428.00,JC10571,,,Y,,พี่ตุ๊กผ้าสาลู,428.00,Y,650.00,1.000,1.000,1.000
เสื้อสาลู-ชาย-(ลายปลา),10620,เสื้อสาลู ชาย (ลายปลา),ผลิตภัณฑ์ท้องถิ่นนครพนม,,N,,,,,,,428.00,JC10620,,,Y,,พี่ตุ๊กผ้าสาลู,428.00,Y,650.00,1.000,1.000,1.000
เสื้อสาลู-ชาย-(ลายแมว)‎,10616,เสื้อสาลู ชาย (ลายแมว)‎,ผลิตภัณฑ์ท้องถิ่นนครพนม,,N,,,,,,,428.00,JC10616,,,Y,,พี่ตุ๊กผ้าสาลู,428.00,Y,650.00,1.000,1.000,1.000
เสื้อสาลูชาย-(คอฮาวาย),10156,เสื้อสาลูชาย (คอฮาวาย),ผลิตภัณฑ์ท้องถิ่นนครพนม,,N,,,,,,,495.00,JC10156,,,Y,,พี่ตุ๊กผ้าสาลู,495.00,Y,590.00,1.000,3.000,3.000
เสื้อสาลูแขนกุด-(คราม),10572,เสื้อสาลูแขนกุด (คราม),ผลิตภัณฑ์ท้องถิ่นนครพนม,,N,,,,,,,388.00,JC10572,,,Y,,พี่ตุ๊กผ้าสาลู,388.00,Y,590.00,0.000,1.000,1.000
เสื้อสาลูแขนกุด-(ลายจุด),10057,เสื้อสาลูแขนกุด (ลายจุด),ผลิตภัณฑ์ท้องถิ่นนครพนม,,N,,,,,,,388.00,JC10057,,,Y,,พี่ตุ๊กผ้าสาลู,388.00,Y,590.00,0.000,1.000,1.000
เสื้อสาลูแขนกุด-(ลายดอก),10951,เสื้อสาลูแขนกุด (ลายดอก),ผลิตภัณฑ์ท้องถิ่นนครพนม,,N,,,,,,,409.00,JC10951,,,Y,,พี่ตุ๊กผ้าสาลู,409.00,Y,550.00,0.000,1.000,
เสื้อสาลูแขนกุด-(ลายทาง)‎,10262,เสื้อสาลูแขนกุด (ลายทาง)‎,ผลิตภัณฑ์ท้องถิ่นนครพนม,,N,,,,,,,388.00,JC10262,,,Y,,พี่ตุ๊กผ้าสาลู,0.00,Y,590.00,0.000,1.000,1.000
เสื้อสาลูแขนกุด-(ลายปัก),10546,เสื้อสาลูแขนกุด (ลายปัก),ผลิตภัณฑ์ท้องถิ่นนครพนม,,N,,,,,,,482.00,JC10546,,,Y,,พี่ตุ๊กผ้าสาลู,0.00,Y,690.00,1.000,1.000,1.000
เสื้อเด็ก-ผ้าคอทตอบสีขาว--s,10884,เสื้อเด็ก ผ้าคอตตอนสีขาว  S,ของที่ระลึก,,N,,,,,,,56.53,JC10884,,,Y,,,0.00,Y,90.00,10.000,10.000,20.000
เสื้อเด็ก-ผ้าคอทตอบสีขาว-2xl,10888,เสื้อเด็ก ผ้าคอตตอนสีขาว 2XL,ของที่ระลึก,,N,,,,,,,71.53,JC10888,,,Y,,,0.00,Y,110.00,14.000,10.000,20.000
เสื้อเด็ก-ผ้าคอทตอบสีขาว-l,10886,เสื้อเด็ก ผ้าคอตตอนสีขาว L,ของที่ระลึก,,N,,,,,,,61.53,JC10886,,,Y,,,0.00,Y,100.00,15.000,10.000,20.000
เสื้อเด็ก-ผ้าคอทตอบสีขาว-m,10885,เสื้อเด็ก ผ้าคอตตอนสีขาว M,ของที่ระลึก,,N,,,,,,,56.53,JC10885,,,Y,,,0.00,Y,90.00,8.000,10.000,20.000
เสื้อเด็ก-ผ้าคอทตอบสีขาว-xl,10887,เสื้อเด็ก ผ้าคอตตอนสีขาว XL,ของที่ระลึก,,N,,,,,,,61.53,JC10887,,,Y,,,0.00,Y,100.00,16.000,10.000,20.000
เหล้าโซจูมีเฮ-honeydew-13%,10060,เหล้าโซจูมีเฮ Honeydew 13% 350ml.,สุรา,,N,,,,,,,67.50,8850999021577,,,Y,,หสน.อรพรรณ นครพนม,0.00,Y,87.00,8.000,6.000,12.000
เหล้าโซจูมีเฮ-red-sorbet-13%,10040,เหล้าโซจูมีเฮ Red Sorbet 13% 350ml.,สุรา,,N,,,,,,,67.50,8850999021560,,,Y,,หสน.อรพรรณ นครพนม,0.00,Y,87.00,3.000,6.000,12.000
เหล้าโซจูมีเฮ-ume-13%,10066,เหล้าโซจูมีเฮ Ume 13% 350ml.,สุรา,,N,,,,,,,67.50,8850999021607,,,Y,,หสน.อรพรรณ นครพนม,0.00,Y,87.00,16.000,6.000,12.000
เอ็มร้อยห้าสิบ150ml,10019,เอ็มร้อยห้าสิบ150ml,น้ำดื่ม เครื่องดื่ม และผงชงดื่ม,,N,,,,,,,10.39,8851123212021,,,Y,,บริษัท สยามแม็คโคร จำกัด (มหาชน),0.00,Y,12.00,43.000,0.000,
แกนสับปะรดหวาน,10357,แกนสับปะรด(หวาน) 260 g,ขนมขบเคี้ยวและของหวาน,,N,,,,,,,39.42,JC10357,,,Y,,ร้านบ้านไอ,0.00,Y,45.00,0.000,,83.000
แกนสับปะรดกระปุก,10702,แกนสับปะรด(เปรี้ยว) 260 g,ขนมขบเคี้ยวและของหวาน,,N,,,,,,,38.83,JC10702,,,Y,,บริษัท รวิสรา อินดัสตรี้ จำกัด,0.00,Y,45.00,3.000,23.000,46.000
แครกเกอร์มะพร้าวเขียวอ่อนbaotinh---150g,10534,แครกเกอร์มะพร้าวเขียวอ่อนBaotinh   150g,ขนมขบเคี้ยวและของหวาน,,N,,,,,,,22.99,8938510550161,,,Y,,เสงี่ยม มุกดาหาร,0.00,Y,35.00,1.000,50.000,99.000
แบล็กทีบ๊วย-(โซดาคราฟท์),10573,แบล็กทีบ๊วย 265 ml (โซดาคราฟท์),โซดาคราฟท์,,N,,,,,,,37.08,JC10573,,,Y,,คลาสทาวน์,0.00,Y,50.00,4.000,6.000,6.000
แบล็คทีราสเบอร์รี่,10096,แบล็คทีราสเบอร์รี่ 265 ml (โซดาคราฟท์),โซดาคราฟท์,,N,,,,,,,33.95,8859582674046,,,Y,,คลาสทาวน์,0.00,Y,50.00,6.000,6.000,12.000
แบล็คฮันนี่เลม่อน,10089,แบล็คฮันนี่เลม่อน 265 ml (โซดาคราฟท์),โซดาคราฟท์,,N,,,,,,,37.30,8859582674039,,,Y,,คลาสทาวน์,0.00,Y,50.00,11.000,6.000,12.000
แป้ง,11033,แป้ง,สงกรานต์,,N,,,,,,,0.00,๋JC11033,,,Y,,,0.00,Y,15.00,0.000,1.000,1.000
แผ่นแป้งปอเปี๊ยะเวียดนาม-11x22-mr.rice-500g,10449,แผ่นแป้งปอเปี๊ยะเวียดนาม 11x22 MR.RICE 500g,ของแห้งและเครื่องปรุง,,N,,,,,,,60.35,8938505644271,,,Y,,บริษัท สูริรัชต์ฟู้ด จำกัด (Mr.Rice),0.00,Y,85.00,40.000,20.000,40.000
แผ่นแป้งปอเปี๊ยะเวียดนาม-mr.rice-500g,10448,แผ่นแป้งปอเปี๊ยะเวียดนาม MR.RICE 500g แผ่นกลม,ของแห้งและเครื่องปรุง,,N,,,,,,,62.50,8938505644790,,,Y,,บริษัท สูริรัชต์ฟู้ด จำกัด (Mr.Rice),0.00,Y,85.00,27.000,10.000,20.000
แผนแป้งเวียดนามตราดอกบัว-500g,10755,แผ่นแป้งเวียดนามตราดอกบัว 500G,ของแห้งและเครื่องปรุง,,N,,,,,,,60.00,8936222700010,,,Y,,บริษัท สูริรัชต์ฟู้ด จำกัด (Mr.Rice),0.00,Y,80.00,29.000,20.000,40.000
แฟนต้าน้ำเขียวแคน325ml,10023,แฟนต้าน้ำเขียวแคน325ml,น้ำดื่ม เครื่องดื่ม และผงชงดื่ม,,N,,,,,,,12.52,8851959132180,,,Y,,บริษัท สยามแม็คโคร จำกัด (มหาชน),0.00,Y,16.00,20.000,0.000,
แฟนต้าน้ำแดงแคน325ml,10010,แฟนต้าน้ำแดงแคน325ml,น้ำดื่ม เครื่องดื่ม และผงชงดื่ม,,N,,,,,,,13.13,8851959132173,,,Y,,บริษัท สยามแม็คโคร จำกัด (มหาชน),0.00,Y,16.00,31.000,0.000,
แฟนต้าสัมแคน325ml,10009,แฟนต้าส้มแคน325ml,น้ำดื่ม เครื่องดื่ม และผงชงดื่ม,,N,,,,,,,13.35,8851959132166,,,Y,,บริษัท สยามแม็คโคร จำกัด (มหาชน),0.00,Y,16.00,26.000,0.000,
แม็กเน็ตพระธาตุท่าอุเทน,10352,แม็กเน็ตพระธาตุท่าอุเทน,ของที่ระลึก,,N,,,,,,,17.66,JC10352,,,Y,,AJ wedding,0.00,Y,49.00,57.000,,
แม็กเน็ตพระธาตุนคร,10353,แม็กเน็ตพระธาตุนคร,ของที่ระลึก,,N,,,,,,,17.90,JC10353,,,Y,,AJ wedding,0.00,Y,49.00,56.000,,
แม็กเน็ตพระธาตุประสิทธิ์,10347,แม็กเน็ตพระธาตุประสิทธิ์,ของที่ระลึก,,N,,,,,,,18.00,JC10347,,,Y,,AJ wedding,0.00,Y,49.00,49.000,,
แม็กเน็ตพระธาตุพนม,10349,แม็กเน็ตพระธาตุพนม,ของที่ระลึก,,N,,,,,,,17.50,JC10349,,,Y,,AJ wedding,0.00,Y,49.00,93.000,,
แม็กเน็ตพระธาตุมรุกขนคร,10354,แม็กเน็ตพระธาตุมรุกขนคร,ของที่ระลึก,,N,,,,,,,17.91,JC10354,,,Y,,AJ wedding,0.00,Y,49.00,60.000,,
แม็กเน็ตพระธาตุมหาชัย,10350,แม็กเน็ตพระธาตุมหาชัย,ของที่ระลึก,,N,,,,,,,18.00,JC10350,,,Y,,AJ wedding,0.00,Y,49.00,55.000,,
แม็กเน็ตพระธาตุศรีคุณ,10351,แม็กเน็ตพระธาตุศรีคุณ,ของที่ระลึก,,N,,,,,,,17.88,JC10351,,,Y,,AJ wedding,0.00,Y,49.00,52.000,,
แม็กเน็ตพระธาตุเรณู,10348,แม็กเน็ตพระธาตุเรณู,ของที่ระลึก,,N,,,,,,,17.88,JC10348,,,Y,,AJ wedding,0.00,Y,49.00,50.000,,
แมคคาเดเมียอบเนยติดเปลือก-1000g,10387,แมคคาเดเมียกระเทาะเปลือก 1kg,ขนมขบเคี้ยวและของหวาน,,N,,,,,,,199.00,JC10387,,,Y,,บริษัท รวิสรา อินดัสตรี้ จำกัด,199.00,Y,270.00,0.000,5.000,10.000
แมคคาเดเมียอบเนย-500g,10396,แมคคาเดเมียอบเนย 500g,ขนมขบเคี้ยวและของหวาน,,N,,,,,,,102.83,8859007203523,,,Y,,บริษัท รวิสรา อินดัสตรี้ จำกัด,102.83,Y,140.00,0.000,10.000,20.000
แม่ทองแย้มอุพร้อมดื่มช้างน้ำ300ml,10106,แม่ทองแย้มอุพร้อมดื่มช้างน้ำ300ml,ผลิตภัณฑ์ท้องถิ่นนครพนม,,N,,,,,,,285.00,JC10106,,,Y,,อุแม่ทองแย้ม,0.00,Y,350.00,25.000,12.000,24.000
แม่ทองแย้มอุเล็ก,10105,แม่ทองแย้มอุเล็ก,ผลิตภัณฑ์ท้องถิ่นนครพนม,,N,,,,,,,110.00,JC10105,,,Y,,อุแม่ทองแย้ม,0.00,Y,150.00,24.000,12.000,60.000
แม่ทองแย้มเรณูดรังค์2*180ml,10104,แม่ทองแย้มเรณูดรังค์2*180ml (อุพร้อมดื่ม),ผลิตภัณฑ์ท้องถิ่นนครพนม,,N,,,,,,,285.00,JC10104,,,Y,,อุแม่ทองแย้ม,0.00,Y,350.00,23.000,12.000,24.000
แม่โขง-(mekhong)-700-ml,11016,แม่โขง (Mekhong) 700 ml,สุรา,,N,,,,,,,408.00,8852388000699,,,Y,,บริษัท แคชแวน แมนเนจเม้นท์ จำกัด,408.00,Y,529.00,11.000,6.000,12.000
แสงโสมกลม-700ml.,10520,แสงโสมกลม 700ml.,สุรา,,N,,,,,,,290.00,8851707000181,,,Y,,บริษัท แคชแวน แมนเนจเม้นท์ จำกัด,0.00,Y,295.00,2.000,6.000,12.000
แสงโสมลิตร-1000ml.,10672,แสงโสมลิตร 1000ml.,สุรา,,N,,,,,,,421.00,8851707000808,,,Y,,บริษัท แคชแวน แมนเนจเม้นท์ จำกัด,0.00,Y,435.00,5.000,6.000,12.000
แสงโสมแบน-300ml.,10739,แสงโสมแบน 300ml.,สุรา,,N,,,,,,,142.50,8851707000174,,,Y,,บริษัท แคชแวน แมนเนจเม้นท์ จำกัด,0.00,Y,145.00,24.000,6.000,12.000
แหนมซี่โครงหมู-400g,10751,แหนมซี่โครงหมู 400g ไรเฟิ้ล,อาหารสด,,N,,,,,,,88.00,JC10751,,,Y,,ไส้กรอกไรเฟิล,0.00,Y,120.00,0.000,1.000,1.000
แหนมซี่โครงหมู-500g,10903,แหนมซี่โครงหมู 500g,อาหารสด,,N,,,,,,,90.00,JC10903,,,Y,,พี่เอ๋,0.00,Y,140.00,3.000,10.000,20.000
แฮฟ-อะ-รูทเดย์,10102,แฮฟ อะ รูทเดย์ 265 ml (โซดาคราฟท์),โซดาคราฟท์,,N,,,,,,,37.08,JC10102,,,Y,,คลาสทาวน์,0.00,Y,50.00,9.000,6.000,12.000
โค้กแคน325ml,10008,โค้กแคน325ml,น้ำดื่ม เครื่องดื่ม และผงชงดื่ม,,N,,,,,,,13.13,8851959132012,,,Y,,บริษัท สยามแม็คโคร จำกัด (มหาชน),0.00,Y,16.00,31.000,0.000,
โคมไฟฮอยอัน-20-cm,10574,โคมไฟฮอยอัน 20 cm (ทรงรี),ของที่ระลึก,,N,,,,,,,60.00,JC10574,,,Y,,เจ๊หงส์ของฝากเวียดนาม,0.00,Y,199.00,10.000,5.000,10.000
โคมไฟฮอยอัน-30-cm-(ทรงกลม),10225,โคมไฟฮอยอัน 30 cm (ทรงกลม),ของที่ระลึก,,N,,,,,,,130.89,JC10225,,,Y,,เจ๊หงส์ของฝากเวียดนาม,0.00,Y,360.00,0.000,0.000,0.000
โคมไฟฮอยอัน-30-cm,10163,โคมไฟฮอยอัน 30 cm (ทรงรี),ของที่ระลึก,,N,,,,,,,130.89,JC10163,,,Y,,เจ๊หงส์ของฝากเวียดนาม,0.00,Y,360.00,29.000,5.000,10.000
โคมไฟฮอยอัน-40-cm,10164,โคมไฟฮอยอัน 40 cm (ทรงรี),ของที่ระลึก,,N,,,,,,,180.20,JC10164,,,Y,,เจ๊หงส์ของฝากเวียดนาม,0.00,Y,420.00,35.000,5.000,10.000
โคมไฟฮอยอัน-45-cm-(ทรงกลม),10389,โคมไฟฮอยอัน 45 cm (ทรงกลม),,,N,,,,,,,190.72,JC10389,,,Y,,เจ๊หงส์ของฝากเวียดนาม,,Y,460.00,6.000,0.000,0.000
โคมไฟฮอยอัน-45-cm,10288,โคมไฟฮอยอัน 45 cm (ทรงรี),ของที่ระลึก,,N,,,,,,,190.72,JC10288,,,Y,,เจ๊หงส์ของฝากเวียดนาม,0.00,Y,460.00,42.000,5.000,10.000
โคล่าบุรี-วัตถุดิบธรรมชาติ,10099,โคล่าบุรี วัตถุดิบธรรมชาติ 265 ml (โซดาคราฟท์),โซดาคราฟท์,,N,,,,,,,37.08,JC10099,,,Y,,คลาสทาวน์,37.08,Y,50.00,0.000,3.000,6.000
โจ๊กข้าวฮางงอกไรซ์เบอรี่ออร์แกนิค,10001,โจ๊กข้าวฮางงอกไรซ์เบอรี่ออร์แกนิค 100 g,ผลิตภัณฑ์ท้องถิ่นนครพนม,,N,,,,,,,100.00,8857124467149,,,Y,,วิสาหกิจชุมชนแปรรูปข้าวคุณเเม่,100.00,Y,125.00,1.000,0.000,12.000
โซดาสิงห์วันเวย์-325ml.,10256,โซดาสิงห์วันเวย์ 325ml.,น้ำดื่ม เครื่องดื่ม และผงชงดื่ม,,N,,,,,,,7.91,8850999220000,,,Y,,หสน.อรพรรณ นครพนม,7.91,Y,10.00,394.000,60.000,120.000
โบว์ของขวัญ,10231,โบว์ติดกระเช้าและวัสดุแพ็ค,กระเช้าของขวัญ,,N,,,,,,,20.00,JC10231,,,Y,,Shopee,20.00,Y,49.00,41.000,,
โวลต์-ซิงค์-200ml.,10309,โวลต์ ซิงค์ 200ml.,น้ำดื่ม เครื่องดื่ม และผงชงดื่ม,,N,,,,,,,8.33,8858638003618,,,Y,,บริษัท โคล่า เรอัล เทรดดิ้ง จำกัด,200.00,Y,10.00,0.000,6.000,12.000
โอฉะซังสูตรน้ำตาลน้อย230ml,10048,โอฉะซังสูตรน้ำตาลน้อย230ml,น้ำดื่ม เครื่องดื่ม และผงชงดื่ม,,N,,,,,,,17.08,8854761000425,,,Y,,บริษัท ชบาบางกอก จำกัด,17.08,Y,25.00,20.000,0.000,0.000
ใบชาnaka-town-tea100g,10756,ใบชาNAKA TOWN TEA100g,กาแฟ,,N,,,,,,,105.00,JC10756,,,Y,,เจอกันคราฟท์,105.00,Y,159.00,0.000,10.000,25.000
แผ่นเมี้ยง-สี่เหลี่ยม,10260,ใบเมี่ยง สี่เหลี่ยม 500 g,ของแห้งและเครื่องปรุง,,N,,,,,,,53.03,8936007820698,,,Y,,เสงี่ยม มุกดาหาร,53.03,Y,80.00,15.000,12.000,24.000
ใบเมี่ยงวงกลมแบมบูทรี-500g,10586,ใบเมี่ยงวงกลมแบมบูทรี 500g,ของแห้งและเครื่องปรุง,,N,,,,,,,50.96,8936007820681,,,Y,,เสงี่ยม มุกดาหาร,50.96,Y,80.00,0.000,12.000,24.000
ไวน์ลูกคร้อ-(ไวน์ชัยภูมิ),10812,ไวน์ตะคร้อ (ไวน์ชัยภูมิ) 750 ml,ไวน์,,N,,,,,,,398.46,03635660003869,,,Y,,Country Land Chaiyaphum,398.46,Y,449.00,17.000,2.000,4.000
ไวน์มะขาม-750ml.,10482,ไวน์มะขาม 750ml.,ไวน์,,N,,,,,,,279.00,0363566000381,,,Y,,,279.00,Y,379.00,13.000,4.000,6.000
ไวน์มะเม่า-(ไวน์ชัยภูมิ),10233,ไวน์มะเม่า ฝาแดง(ไวน์ชัยภูมิ) 750 ml,ไวน์,,N,,,,,,,315.83,0363566000385,,,Y,,Country Land Chaiyaphum,315.83,Y,359.00,19.000,6.000,5.000
ไวน์มะเม่าพรีเมี่ยม-(ไวน์ชัยภูมิ),10235,ไวน์มะเม่าพรีเมี่ยม ฝาดำ (ไวน์ชัยภูมิ) 750 ml,ไวน์,,N,,,,,,,347.56,0363566000386,,,Y,,Country Land Chaiyaphum,347.56,Y,399.00,24.000,2.000,5.000
ไวน์มัลเบอรี่-13%-(อุบลราชธานี),10228,ไวน์มัลเบอรี่ 13% (อุบลราชธานี) 750 ml,ไวน์,,N,,,,,,,320.00,JC10228,,,Y,,วิสาหกิจชุมชน เกษตรมัลเบอร์รี่ อุบลราชธานี,320.00,Y,590.00,8.000,6.000,12.000
ไวน์ลำธาร-มัลเบอรี่(อุบลราชธานี),10484,ไวน์ลำธาร มัลเบอรี่(อุบลราชธานี) 750 ml,ไวน์,,N,,,,,,,450.00,JC10484,,,Y,,วิสาหกิจชุมชน เกษตรมัลเบอร์รี่ อุบลราชธานี,450.00,Y,690.00,2.000,3.000,6.000
ไวน์ลำธาร-มัลเบอรี่+กล่อง-(อุบลราชธานี),10487,ไวน์ลำธาร มัลเบอรี่+กล่อง (อุบลราชธานี) 750 ml,ไวน์,,N,,,,,,,750.00,JC10487,,,Y,,วิสาหกิจชุมชน เกษตรมัลเบอร์รี่ อุบลราชธานี,750.00,Y,980.00,0.000,3.000,6.000
ไวน์ลำธาร-เสาวรส(อุบลราชธานี),10441,ไวน์ลำธาร เสาวรส(อุบลราชธานี) 750 ml,ไวน์,,N,,,,,,,450.00,JC10441,,,Y,,วิสาหกิจชุมชน เกษตรมัลเบอร์รี่ อุบลราชธานี,450.00,Y,690.00,4.000,6.000,6.000
ไวน์ลำธาร-เสาวรส+กล่อง(อุบลราชธานี),10486,ไวน์ลำธาร เสาวรส+กล่อง(อุบลราชธานี) 750 ml,ไวน์,,N,,,,,,,750.00,JC10486,,,Y,,วิสาหกิจชุมชน เกษตรมัลเบอร์รี่ อุบลราชธานี,750.00,Y,980.00,6.000,3.000,6.000
ไวน์ลูกหม่อนฝาดำ-(ไวน์ชัยภูมิ),10647,ไวน์ลูกหม่อนฝาดำ (ไวน์ชัยภูมิ) 750 ml,ไวน์,,N,,,,,,,391.14,03635660003868,,,Y,,Country Land Chaiyaphum,391.14,Y,439.00,16.000,6.000,12.000
ไวน์ลูกหม่อนฝาแดง-(ไวน์ชัยภูมิ),10646,ไวน์ลูกหม่อนฝาแดง (ไวน์ชัยภูมิ) 750 ml,ไวน์,,N,,,,,,,391.14,Jc10646,,,Y,,Country Land Chaiyaphum,391.14,Y,439.00,19.000,4.000,4.000
ไวน์ลูกหว้า-(ไวน์ชัยภูมิ),10560,ไวน์ลูกหว้า (ไวน์ชัยภูมิ) 750 ml,ไวน์,,N,,,,,,,378.99,JC10560,,,Y,,Country Land Chaiyaphum,378.99,Y,429.00,25.000,1.000,2.000
ไวน์องุ่นฝาแดง-(ชัยภูมิ),10046,ไวน์องุ่นฝาแดง (ชัยภูมิ),ไวน์,,N,,,,,,,385.00,03635660003860,,,Y,,,385.00,Y,480.00,11.000,6.000,12.000
ไวน์อินทผาลัม-12%--(อุบลราชธานี),10437,ไวน์อินทผาลัม 13%  (อุบลราชธานี) 750 ml,ไวน์,,N,,,,,,,400.00,JC10437,,,Y,,วิสาหกิจชุมชน เกษตรมัลเบอร์รี่ อุบลราชธานี,400.00,Y,590.00,12.000,6.000,12.000
ไวน์เม่า-a-special-(ฝาเขียว),10111,ไวน์เม่า A Special (ฝาเขียว) ชาโต เดอ ภูพาน 750 ml,ไวน์,,N,,,,,,,297.17,8857200157414,,,Y,,ภูพานเครื่องดื่ม,297.17,Y,400.00,21.000,12.000,24.000
ไวน์เม่า-aa.premium-wine-(ฝาทอง),10229,ไวน์เม่า AA.Premium Wine (ฝาทอง)  ชาโต เดอ ภูพาน 750 ml,ไวน์,,N,,,,,,,391.53,8857200157421,,,Y,,ภูพานเครื่องดื่ม,391.53,Y,499.00,16.000,6.000,12.000
ไวน์เม่า-b-original-(ฝาแดง),10112,ไวน์เม่า B Original (ฝาแดง) ชาโต เดอ ภูพาน 750 ml,ไวน์,,N,,,,,,,220.00,8857200157445,,,Y,,ภูพานเครื่องดื่ม,220.00,Y,300.00,7.000,12.000,24.000
ไวน์เม่าaaa.-top-premium-wine-(ฝาส้มเข้ม),10215,ไวน์เม่าAAA. Top Premium Wine (ฝาส้มเข้ม)  ชาโต เดอ ภูพาน 750 ml,ไวน์,,N,,,,,,,580.00,JC10215,,,Y,,ภูพานเครื่องดื่ม,580.00,Y,749.00,7.000,12.000,12.000
ไวน์เม่าแดง-chang-chai-yo--750-ml.,10380,ไวน์เม่าแดง CHANG CHAI-YO  750 ml.,ไวน์,,N,,,,,,,212.50,JC10380,,,Y,,สหกรณ์การเกษตรโนนหัวช้าง,212.50,Y,350.00,9.000,18.000,36.000
ไส้กรอกอีสานเปรี้ยว-เจอกันนครพนม-500-g,10375,ไส้กรอกอีสานเปรี้ยว เจอกันนครพนม 500 g,อาหารสด,,N,,,,,,,90.00,JC10375,,,Y,,ไส้กรอกอีสาน คุณกุ้ง,90.00,Y,120.00,17.000,6.000,12.000
ไส้กรอกอีสานไม่เปรี้ยว-เจอกันนครพนม-500-g,10109,ไส้กรอกอีสานไม่เปรี้ยว เจอกันนครพนม 500 g,อาหารสด,,N,,,,,,,90.00,JC10109,,,Y,,ไส้กรอกอีสาน คุณกุ้ง,90.00,Y,120.00,12.000,6.000,12.000
